
%liczba neuronów ukrytych: 5, liczba wejœæ sieci: 4
%wejœcie 1: u(k-4)
%wejœcie 2: u(k-5)
%wejœcie 3: y(k-1)
%wejœcie 4: y(k-2)
%uczenie w trybie ARX
w10(1,1)=-8.7421551253e-001; w1(1,1)=-4.7609342237e-001; w1(1,2)=-2.5522853970e-001; w1(1,3)=2.0671940834e-001; w1(1,4)=1.2185794071e-001; 
w10(2,1)=-9.5453718479e-001; w1(2,1)=7.0528841296e-002; w1(2,2)=4.5081786242e-004; w1(2,3)=-3.1656594762e-001; w1(2,4)=4.6989388871e-002; 
w10(3,1)=6.0668800108e-002; w1(3,1)=5.8726467606e-001; w1(3,2)=1.3503403875e-001; w1(3,3)=9.1505769626e-001; w1(3,4)=-8.6284576874e-001; 
w10(4,1)=3.4623152806e-001; w1(4,1)=4.0319832583e-002; w1(4,2)=-2.9884552811e-002; w1(4,3)=-1.5673996503e-001; w1(4,4)=-8.1312819104e-002; 
w10(5,1)=-1.2443507634e+000; w1(5,1)=-7.7296602448e-001; w1(5,2)=-4.4586020293e-001; w1(5,3)=-6.3378080459e-001; w1(5,4)=1.0256554843e+000; 
w20=-6.1903355744e-001; w2(1)=1.8381406008e+000; w2(2)=-2.5263075105e+000; w2(3)=8.2097950736e-001; w2(4)=-1.9452603067e+000; w2(5)=-7.5122698098e-001; 

