
%liczba neuronów ukrytych: 5, liczba wejœæ sieci: 4
%wejœcie 1: u(k-4)
%wejœcie 2: u(k-5)
%wejœcie 3: y(k-1)
%wejœcie 4: y(k-2)
%uczenie w trybie ARX
w10(1,1)=-8.1567049658e-001; w1(1,1)=-1.0657627395e-001; w1(1,2)=-5.1588887346e-002; w1(1,3)=7.8548362846e-001; w1(1,4)=-3.3437815647e-001; 
w10(2,1)=6.8800109038e-001; w1(2,1)=-9.4821517920e-001; w1(2,2)=-4.0289632446e-002; w1(2,3)=1.1312567292e+000; w1(2,4)=-8.5686258279e-001; 
w10(3,1)=-5.4098377843e-001; w1(3,1)=-1.0042298643e+000; w1(3,2)=-1.6085370905e-001; w1(3,3)=-9.0271848381e-001; w1(3,4)=6.8293658355e-001; 
w10(4,1)=1.6283567624e+000; w1(4,1)=-6.9452089433e-002; w1(4,2)=1.5800992818e-002; w1(4,3)=5.7495468243e-001; w1(4,4)=-2.7132402458e-001; 
w10(5,1)=-4.4726755249e-001; w1(5,1)=1.4717715938e-001; w1(5,2)=-1.4134208351e-002; w1(5,3)=-4.9791516834e-001; w1(5,4)=2.0260795151e-001; 
w20=-1.8026306538e+000; w2(1)=1.4741916739e+000; w2(2)=-3.5049647437e-001; w2(3)=-2.8507420140e-001; w2(4)=2.0921951080e+000; w2(5)=-2.2065109672e+000; 

