
%liczba neuronów ukrytych: 5, liczba wejœæ sieci: 4
%wejœcie 1: u(k-4)
%wejœcie 2: u(k-5)
%wejœcie 3: y(k-1)
%wejœcie 4: y(k-2)
%uczenie w trybie ARX
w10(1,1)=6.0146119200e-001; w1(1,1)=-3.6210879290e-002; w1(1,2)=-4.6573665784e-003; w1(1,3)=-5.1384263818e-001; w1(1,4)=2.0646793514e-001; 
w10(2,1)=-8.1088348893e-001; w1(2,1)=-1.7410328124e+000; w1(2,2)=6.5748964328e-002; w1(2,3)=-5.3402778341e-001; w1(2,4)=2.8144275099e-001; 
w10(3,1)=6.7090633677e-001; w1(3,1)=-3.3241545774e-001; w1(3,2)=-3.7787976336e-001; w1(3,3)=7.4344254551e-001; w1(3,4)=-2.1073922532e-001; 
w10(4,1)=-1.1434149694e+000; w1(4,1)=-1.3041929348e+000; w1(4,2)=-9.6467221888e-002; w1(4,3)=1.2326414592e+000; w1(4,4)=-7.4119630883e-001; 
w10(5,1)=9.7516266942e-001; w1(5,1)=-1.1103972883e-002; w1(5,2)=3.7961119231e-002; w1(5,3)=3.5822889361e-001; w1(5,4)=-1.4215734757e-001; 
w20=-1.5610643474e+000; w2(1)=-2.2891429785e+000; w2(2)=-1.8814841904e-001; w2(3)=1.6422140044e-001; w2(4)=2.7203877255e-001; w2(5)=3.7188441656e+000; 

