
%liczba neuronów ukrytych: 5, liczba wejœæ sieci: 4
%wejœcie 1: u(k-4)
%wejœcie 2: u(k-5)
%wejœcie 3: y(k-1)
%wejœcie 4: y(k-2)
%uczenie w trybie ARX
w10(1,1)=-6.0815042111e-001; w1(1,1)=-1.3622607026e+000; w1(1,2)=7.9610971557e-002; w1(1,3)=-4.0638228532e-001; w1(1,4)=1.8010725057e-001; 
w10(2,1)=-7.2537273769e-001; w1(2,1)=-3.5305490837e-001; w1(2,2)=-6.6904754869e-003; w1(2,3)=6.4380416129e-001; w1(2,4)=-3.0325554410e-001; 
w10(3,1)=-6.7081412979e-001; w1(3,1)=1.4155213101e-001; w1(3,2)=-6.5697764468e-002; w1(3,3)=-3.3999999631e-001; w1(3,4)=1.2139178554e-001; 
w10(4,1)=-1.0046706173e+000; w1(4,1)=1.2635512260e+000; w1(4,2)=-2.8258795789e-001; w1(4,3)=5.9205838256e-001; w1(4,4)=-1.5135643076e-001; 
w10(5,1)=-2.5349489058e+000; w1(5,1)=-8.4379733712e-001; w1(5,2)=4.2572471208e-001; w1(5,3)=-7.4868136441e-001; w1(5,4)=4.3557911138e-001; 
w20=-2.0426959556e+000; w2(1)=-4.6665283209e-001; w2(2)=1.6901772416e+000; w2(3)=-3.2268379003e+000; w2(4)=4.2232043962e-001; w2(5)=-1.2865742249e+000; 

