
%liczba neuronów ukrytych: 5, liczba wejœæ sieci: 4
%wejœcie 1: u(k-4)
%wejœcie 2: u(k-5)
%wejœcie 3: y(k-1)
%wejœcie 4: y(k-2)
%uczenie w trybie ARX
w10(1,1)=-9.3391412403e-001; w1(1,1)=-3.3190228731e-002; w1(1,2)=1.9340349253e-003; w1(1,3)=-3.4832329764e-001; w1(1,4)=1.1499313672e-001; 
w10(2,1)=4.4334753060e-001; w1(2,1)=-2.9012632457e-001; w1(2,2)=-5.7715862227e-001; w1(2,3)=2.8755061690e-001; w1(2,4)=-1.0143845565e+000; 
w10(3,1)=-5.7921524144e-001; w1(3,1)=-2.2018191134e-001; w1(3,2)=-6.2426590390e-002; w1(3,3)=5.2638489133e-001; w1(3,4)=-2.6690891687e-001; 
w10(4,1)=5.0833764000e-001; w1(4,1)=-4.0080724926e-001; w1(4,2)=-3.0453214287e-001; w1(4,3)=-7.5356428074e-002; w1(4,4)=-4.8844519669e-001; 
w10(5,1)=-6.1765568617e-001; w1(5,1)=-7.4062921606e-001; w1(5,2)=-5.0693667751e-001; w1(5,3)=-8.0034050214e-001; w1(5,4)=5.5877621895e-001; 
w20=-1.1562978853e+000; w2(1)=-3.2862699903e+000; w2(2)=4.4508907112e-001; w2(3)=2.1952294619e+000; w2(4)=-9.6821150629e-001; w2(5)=-2.9926678424e-001; 

