
%liczba neuronów ukrytych: 9, liczba wejœæ sieci: 4
%wejœcie 1: u(k-4)
%wejœcie 2: u(k-5)
%wejœcie 3: y(k-1)
%wejœcie 4: y(k-2)
%uczenie w trybie OE
w10(1,1)=-5.8258636904e-001; w1(1,1)=-1.3947446814e+000; w1(1,2)=2.2583179247e-001; w1(1,3)=6.0029303203e-002; w1(1,4)=4.0895655481e-002; 
w10(2,1)=-2.7569899144e-001; w1(2,1)=-1.7558223357e-001; w1(2,2)=2.9778250811e-001; w1(2,3)=-2.2228996847e-001; w1(2,4)=1.4330065360e+000; 
w10(3,1)=-4.9252292167e-001; w1(3,1)=-6.8350290985e-002; w1(3,2)=-5.7270603795e-002; w1(3,3)=-1.4279935806e+000; w1(3,4)=1.0319797642e+000; 
w10(4,1)=-8.1843874562e-001; w1(4,1)=-1.1906001593e-002; w1(4,2)=6.1933580887e-002; w1(4,3)=-1.6983668541e-001; w1(4,4)=-4.0533782716e-001; 
w10(5,1)=-9.4777111888e-001; w1(5,1)=-6.0154388271e-001; w1(5,2)=-1.9349217708e+000; w1(5,3)=4.3166719754e-001; w1(5,4)=4.6718163260e-001; 
w10(6,1)=-3.9812057700e-001; w1(6,1)=-5.7964583234e-002; w1(6,2)=7.9039301871e-002; w1(6,3)=6.5323125683e-001; w1(6,4)=1.8377341060e-001; 
w10(7,1)=1.4363154281e+000; w1(7,1)=-1.8100428679e-001; w1(7,2)=6.5137753846e-002; w1(7,3)=3.2330144326e-001; w1(7,4)=4.6602401934e-002; 
w10(8,1)=3.6784105497e-001; w1(8,1)=1.8207782076e+000; w1(8,2)=-2.9508628527e-001; w1(8,3)=2.5823769255e-001; w1(8,4)=-1.4894392665e-001; 
w10(9,1)=-1.6650458508e+000; w1(9,1)=-7.0323859624e-001; w1(9,2)=1.1778439336e-001; w1(9,3)=-8.3657885353e-001; w1(9,4)=5.6573820057e-001; 
w20=-2.2495089169e+000; w2(1)=3.7091903603e-001; w2(2)=-2.0902192201e-001; w2(3)=-6.9985217251e-001; w2(4)=-3.6372050216e-001; w2(5)=1.4475427093e-002; w2(6)=9.4209173945e-001; w2(7)=1.4510989218e+000; w2(8)=2.5709835081e-001; w2(9)=-8.6380318669e-001; 

