
%liczba neuronów ukrytych: 9, liczba wejœæ sieci: 4
%wejœcie 1: u(k-4)
%wejœcie 2: u(k-5)
%wejœcie 3: y(k-1)
%wejœcie 4: y(k-2)
%uczenie w trybie OE
w10(1,1)=7.9654564269e-001; w1(1,1)=3.2822926899e-001; w1(1,2)=5.4369431343e-002; w1(1,3)=1.7377203963e+000; w1(1,4)=-1.3189896244e+000; 
w10(2,1)=6.8514961049e-001; w1(2,1)=-7.7882819063e-002; w1(2,2)=1.8350723158e-002; w1(2,3)=-1.2299044880e+000; w1(2,4)=3.4151087814e-001; 
w10(3,1)=-1.2414202503e-001; w1(3,1)=-1.3500935059e+000; w1(3,2)=3.8355205408e-001; w1(3,3)=-1.1102434949e+000; w1(3,4)=9.9251547606e-001; 
w10(4,1)=-4.2315331627e-001; w1(4,1)=7.5004417875e-001; w1(4,2)=-2.6401835265e-001; w1(4,3)=6.1981604572e-001; w1(4,4)=9.6692994665e-002; 
w10(5,1)=-9.6971082442e-001; w1(5,1)=1.5157660600e+000; w1(5,2)=-1.0931489138e+000; w1(5,3)=-5.8489735172e-001; w1(5,4)=4.7013256062e-001; 
w10(6,1)=4.7046931361e-001; w1(6,1)=9.1239093073e-001; w1(6,2)=5.2698129837e-002; w1(6,3)=8.7910852260e-001; w1(6,4)=2.0891482640e-001; 
w10(7,1)=6.8674262031e-001; w1(7,1)=5.4068360267e-001; w1(7,2)=3.6041553125e-001; w1(7,3)=-1.0876804707e+000; w1(7,4)=5.4082793301e-001; 
w10(8,1)=-1.5104592596e+000; w1(8,1)=1.8441286282e-001; w1(8,2)=-1.2822177768e-001; w1(8,3)=-5.4722636568e-001; w1(8,4)=1.2620560976e-001; 
w10(9,1)=5.0255180417e-001; w1(9,1)=-4.7642420350e-001; w1(9,2)=3.8898097631e-001; w1(9,3)=5.5323915071e-001; w1(9,4)=2.8654393071e-002; 
w20=-1.6254098574e+000; w2(1)=2.8153195646e-001; w2(2)=-7.8807768106e-001; w2(3)=-2.5101866541e-001; w2(4)=-2.8705869135e-001; w2(5)=2.3243655423e-001; w2(6)=5.3787467912e-002; w2(7)=-2.2016535842e-001; w2(8)=-1.8667596926e+000; w2(9)=7.5502466804e-001; 

