
%liczba neuronów ukrytych: 9, liczba wejœæ sieci: 4
%wejœcie 1: u(k-4)
%wejœcie 2: u(k-5)
%wejœcie 3: y(k-1)
%wejœcie 4: y(k-2)
%uczenie w trybie OE
w10(1,1)=-3.7677609199e-001; w1(1,1)=7.6286388816e-001; w1(1,2)=-2.8890209061e+000; w1(1,3)=-3.5739223076e-001; w1(1,4)=2.2707964758e-001; 
w10(2,1)=1.9257276980e+000; w1(2,1)=-3.2201507768e-003; w1(2,2)=2.0646814948e-001; w1(2,3)=5.8898124670e-001; w1(2,4)=-1.9037147468e-001; 
w10(3,1)=1.6662311536e+000; w1(3,1)=5.4470171091e-001; w1(3,2)=1.4320099778e+000; w1(3,3)=4.1788654561e-003; w1(3,4)=-2.2089747146e-001; 
w10(4,1)=2.4057285722e+000; w1(4,1)=-2.1214181292e-001; w1(4,2)=-6.4272349639e-001; w1(4,3)=3.5719657998e-002; w1(4,4)=2.4844336702e-001; 
w10(5,1)=1.0489189960e+000; w1(5,1)=2.3471236040e-001; w1(5,2)=1.1473992384e+000; w1(5,3)=-5.9435135294e-001; w1(5,4)=3.7277330913e-001; 
w10(6,1)=3.8076387349e-001; w1(6,1)=3.8011488407e-001; w1(6,2)=-1.0414423025e-001; w1(6,3)=2.6131741643e-001; w1(6,4)=-4.0356375080e-001; 
w10(7,1)=-6.1749796843e-001; w1(7,1)=-2.9670247003e-001; w1(7,2)=6.5742413489e-002; w1(7,3)=-7.5005707525e-001; w1(7,4)=4.4786716122e-001; 
w10(8,1)=-2.8217162417e-001; w1(8,1)=-4.3866278248e-001; w1(8,2)=4.7234905203e-001; w1(8,3)=-2.1656717768e-001; w1(8,4)=1.0801908193e+000; 
w10(9,1)=-4.5825311998e-001; w1(9,1)=2.6853878465e-002; w1(9,2)=1.3152360383e-001; w1(9,3)=5.7394712224e-001; w1(9,4)=-3.4073410826e-002; 
w20=-2.2106992501e+000; w2(1)=-1.5142048779e-001; w2(2)=1.1902092892e+000; w2(3)=3.7021585019e-001; w2(4)=1.2123180243e+000; w2(5)=-7.1832901025e-001; w2(6)=-1.0865044684e+000; w2(7)=-1.6580173305e+000; w2(8)=-2.5597395291e-001; w2(9)=1.2766426660e+000; 

