
%liczba neuronów ukrytych: 9, liczba wejœæ sieci: 4
%wejœcie 1: u(k-4)
%wejœcie 2: u(k-5)
%wejœcie 3: y(k-1)
%wejœcie 4: y(k-2)
%uczenie w trybie OE
w10(1,1)=2.9832845917e-001; w1(1,1)=-9.0977221143e-001; w1(1,2)=-1.0630063662e+000; w1(1,3)=1.1144885809e-001; w1(1,4)=-1.4850670340e-001; 
w10(2,1)=-1.2887795693e+000; w1(2,1)=8.4874405840e-002; w1(2,2)=-1.5766989410e-002; w1(2,3)=1.4406223491e+000; w1(2,4)=-4.5213727165e-001; 
w10(3,1)=3.2690038408e-001; w1(3,1)=1.5132055822e+000; w1(3,2)=-7.7895601291e-002; w1(3,3)=-4.3204531850e-001; w1(3,4)=2.4289944111e-001; 
w10(4,1)=-2.4927578831e+000; w1(4,1)=-2.2196865814e-001; w1(4,2)=1.3160823140e-001; w1(4,3)=-9.7247595496e-001; w1(4,4)=4.2440886846e-001; 
w10(5,1)=7.8118646519e-001; w1(5,1)=-4.7753388720e-001; w1(5,2)=-6.7851105667e-001; w1(5,3)=-6.1753245233e-001; w1(5,4)=-2.2042623119e+000; 
w10(6,1)=-7.8060596561e-001; w1(6,1)=-6.8997711523e-003; w1(6,2)=-3.8648511499e-002; w1(6,3)=-6.8102559271e-001; w1(6,4)=2.7621516441e-001; 
w10(7,1)=-1.8781404586e+000; w1(7,1)=5.9949378274e-001; w1(7,2)=3.6347495102e-001; w1(7,3)=7.3214795694e-002; w1(7,4)=-1.6667124414e-002; 
w10(8,1)=4.9269894806e-001; w1(8,1)=-8.3429225965e-001; w1(8,2)=-1.1377290666e+000; w1(8,3)=-8.0200212323e-001; w1(8,4)=5.5344674392e-001; 
w10(9,1)=3.1010054753e-002; w1(9,1)=-2.4406279054e-002; w1(9,2)=2.8528284241e-002; w1(9,3)=-1.4184785757e+000; w1(9,4)=7.2595339531e-001; 
w20=-1.8568692554e+000; w2(1)=-4.6758303374e-001; w2(2)=5.0192324549e-001; w2(3)=-1.1886144185e-001; w2(4)=-1.0804032249e+000; w2(5)=-8.6550199563e-003; w2(6)=-1.7929276953e+000; w2(7)=-7.2589716203e-002; w2(8)=3.9407012362e-001; w2(9)=-6.2004496297e-001; 

