
%liczba neuronów ukrytych: 9, liczba wejœæ sieci: 4
%wejœcie 1: u(k-4)
%wejœcie 2: u(k-5)
%wejœcie 3: y(k-1)
%wejœcie 4: y(k-2)
%uczenie w trybie OE
w10(1,1)=-1.3302853884e-001; w1(1,1)=-2.6068598883e-001; w1(1,2)=-3.2599014767e-001; w1(1,3)=-7.3415061102e-001; w1(1,4)=-2.4817988967e-002; 
w10(2,1)=1.1045499279e+000; w1(2,1)=-6.5617037840e-001; w1(2,2)=-1.4978918273e+000; w1(2,3)=-3.8765633526e-001; w1(2,4)=3.3930194484e-001; 
w10(3,1)=9.4132702894e-001; w1(3,1)=-5.8410287127e-001; w1(3,2)=-1.3996478264e+000; w1(3,3)=2.8486558154e-001; w1(3,4)=-1.8840382604e-001; 
w10(4,1)=-1.2789011432e+000; w1(4,1)=2.2638822831e-001; w1(4,2)=1.2702417656e-001; w1(4,3)=5.9869797576e-001; w1(4,4)=-2.6371553251e-001; 
w10(5,1)=2.1274230535e+000; w1(5,1)=-2.2805718857e-002; w1(5,2)=2.8880088404e-002; w1(5,3)=2.9347448184e-001; w1(5,4)=1.5721685212e-001; 
w10(6,1)=-3.5589693375e-001; w1(6,1)=-3.4753754618e-001; w1(6,2)=2.0007231311e-001; w1(6,3)=6.2615145672e-001; w1(6,4)=-4.7512873976e-001; 
w10(7,1)=1.0696534375e+000; w1(7,1)=-4.1905473081e-001; w1(7,2)=1.6687354722e-001; w1(7,3)=-4.0086389861e-001; w1(7,4)=-5.6395628486e-001; 
w10(8,1)=-3.6390156021e-001; w1(8,1)=-2.9734135845e-001; w1(8,2)=2.7211404209e-001; w1(8,3)=7.6537232622e-002; w1(8,4)=-3.4079450414e-001; 
w10(9,1)=-3.6659611984e-001; w1(9,1)=1.2690688767e-001; w1(9,2)=-1.8303704852e-001; w1(9,3)=-9.5360482402e-001; w1(9,4)=7.2320255797e-001; 
w20=-1.8513333410e+000; w2(1)=-1.1756091582e-001; w2(2)=5.6519637402e-001; w2(3)=-6.7300044826e-001; w2(4)=-8.4672567557e-001; w2(5)=7.8935319306e-001; w2(6)=1.2405531054e+000; w2(7)=-3.4475609664e-001; w2(8)=-1.7447216928e+000; w2(9)=-1.3474053095e+000; 

