
%liczba neuronów ukrytych: 10, liczba wejœæ sieci: 4
%wejœcie 1: u(k-4)
%wejœcie 2: u(k-5)
%wejœcie 3: y(k-1)
%wejœcie 4: y(k-2)
%uczenie w trybie OE
w10(1,1)=-2.6792101237e+000; w1(1,1)=-6.6233103848e-001; w1(1,2)=-1.4255879759e-001; w1(1,3)=-3.0088553042e-001; w1(1,4)=9.8244156703e-001; 
w10(2,1)=-5.3821403929e-001; w1(2,1)=5.3276970541e-002; w1(2,2)=-2.6373835319e-002; w1(2,3)=1.3415299773e+000; w1(2,4)=-6.4749738145e-001; 
w10(3,1)=1.6269347054e+000; w1(3,1)=1.3225425723e+000; w1(3,2)=1.6151145530e+000; w1(3,3)=5.1612859495e-001; w1(3,4)=8.8780547755e-001; 
w10(4,1)=8.4099247845e-001; w1(4,1)=-1.2273356881e+000; w1(4,2)=-9.1006461092e-001; w1(4,3)=-2.0920436760e+000; w1(4,4)=-1.3548560971e+000; 
w10(5,1)=-1.0655670410e-001; w1(5,1)=1.2971568541e+000; w1(5,2)=1.8743366128e+000; w1(5,3)=5.0670098136e-002; w1(5,4)=-5.6531464157e-001; 
w10(6,1)=5.3279220487e-001; w1(6,1)=-5.9674186268e-001; w1(6,2)=-2.5810208101e-001; w1(6,3)=-5.3819772407e-001; w1(6,4)=4.8201716425e-001; 
w10(7,1)=-7.8584665532e-001; w1(7,1)=-6.4005471144e-003; w1(7,2)=-1.8696620271e-002; w1(7,3)=-7.9742416359e-001; w1(7,4)=3.8212060968e-001; 
w10(8,1)=9.4177140166e-001; w1(8,1)=-8.3720324254e-001; w1(8,2)=-4.0704287484e-001; w1(8,3)=5.9596562946e-002; w1(8,4)=6.0508136419e-002; 
w10(9,1)=3.2298898749e+000; w1(9,1)=2.6631973700e-002; w1(9,2)=-3.0823674051e-003; w1(9,3)=1.0155997670e+000; w1(9,4)=-1.6733488888e-001; 
w10(10,1)=6.6711513019e-002; w1(10,1)=-9.9415682603e-001; w1(10,2)=-7.0918027774e-001; w1(10,3)=-5.1418711459e-001; w1(10,4)=5.2206093157e-001; 
w20=-2.2830214214e+000; w2(1)=-8.0133380803e-001; w2(2)=1.0746475392e+000; w2(3)=2.0845649085e-002; w2(4)=6.0968458194e-003; w2(5)=-3.0512714426e-002; w2(6)=1.4308579074e+000; w2(7)=-2.1788443731e+000; w2(8)=-7.8496331551e-001; w2(9)=4.6725545223e-001; w2(10)=-3.5912816943e-001; 

