
%liczba neuronów ukrytych: 10, liczba wejœæ sieci: 4
%wejœcie 1: u(k-4)
%wejœcie 2: u(k-5)
%wejœcie 3: y(k-1)
%wejœcie 4: y(k-2)
%uczenie w trybie OE
w10(1,1)=-3.2271240766e+000; w1(1,1)=-8.1851077805e-001; w1(1,2)=2.8787733166e-001; w1(1,3)=1.4236494915e+000; w1(1,4)=1.1881096600e+000; 
w10(2,1)=8.6760196127e-001; w1(2,1)=1.4582472612e+000; w1(2,2)=2.0742768267e+000; w1(2,3)=-8.8015937133e-001; w1(2,4)=1.1509399659e+000; 
w10(3,1)=-5.6407787845e-001; w1(3,1)=-4.1118818041e-001; w1(3,2)=-4.8355105634e-001; w1(3,3)=-4.1128307983e-001; w1(3,4)=2.8600597885e-001; 
w10(4,1)=-9.8120021313e-001; w1(4,1)=-1.1087972707e+000; w1(4,2)=-1.0318651511e+000; w1(4,3)=-5.5340848818e-001; w1(4,4)=1.4192784085e+000; 
w10(5,1)=5.3944121859e-001; w1(5,1)=-3.5321354615e-001; w1(5,2)=1.4579230171e-001; w1(5,3)=5.3690051980e-001; w1(5,4)=-1.5393275863e-001; 
w10(6,1)=1.0517065536e-001; w1(6,1)=4.9143198445e-001; w1(6,2)=5.5305987810e-001; w1(6,3)=-1.1087645426e+000; w1(6,4)=1.5940892798e+000; 
w10(7,1)=-1.2457673509e+000; w1(7,1)=-2.1638933815e-002; w1(7,2)=9.5591751192e-002; w1(7,3)=-4.2404269296e-001; w1(7,4)=1.5742551990e-001; 
w10(8,1)=-1.6151185983e+000; w1(8,1)=8.6861666436e-001; w1(8,2)=1.4917950080e-001; w1(8,3)=1.1243367075e+000; w1(8,4)=-9.1243252419e-002; 
w10(9,1)=7.6666479991e-001; w1(9,1)=2.3173967504e-001; w1(9,2)=2.7090984317e-001; w1(9,3)=-1.0828263837e+000; w1(9,4)=6.6549705894e-001; 
w10(10,1)=-1.4258415935e+000; w1(10,1)=-5.7985344821e-001; w1(10,2)=-2.8503309423e+000; w1(10,3)=2.3104436571e-001; w1(10,4)=-1.0928927532e-001; 
w20=-2.0109520314e+000; w2(1)=-4.4401023940e-002; w2(2)=3.8926681762e-002; w2(3)=-7.3039721595e-001; w2(4)=2.9486168862e-002; w2(5)=6.9375506605e-001; w2(6)=1.8177491007e-001; w2(7)=-2.8398134153e+000; w2(8)=2.7260055640e-001; w2(9)=-1.3544241279e+000; w2(10)=5.8815174333e-002; 

