
%liczba neuronów ukrytych: 10, liczba wejœæ sieci: 4
%wejœcie 1: u(k-4)
%wejœcie 2: u(k-5)
%wejœcie 3: y(k-1)
%wejœcie 4: y(k-2)
%uczenie w trybie OE
w10(1,1)=-1.6646800350e+000; w1(1,1)=-2.9061827870e-001; w1(1,2)=8.7963176219e-002; w1(1,3)=-8.4047953133e-001; w1(1,4)=5.9736191315e-001; 
w10(2,1)=1.8060690061e-001; w1(2,1)=-2.7960157610e-002; w1(2,2)=1.9548984116e-001; w1(2,3)=1.4503321169e+000; w1(2,4)=-1.1681966123e+000; 
w10(3,1)=-5.6619814886e-001; w1(3,1)=-1.8840780148e+000; w1(3,2)=2.1559290118e-002; w1(3,3)=1.9370911417e-001; w1(3,4)=-2.7963141673e-001; 
w10(4,1)=-3.3242901643e-001; w1(4,1)=-1.1498337537e+000; w1(4,2)=-6.8098372899e-001; w1(4,3)=4.4262889893e-001; w1(4,4)=-9.5953677162e-002; 
w10(5,1)=6.4904928404e-001; w1(5,1)=1.1870835864e-001; w1(5,2)=-2.1758007906e-001; w1(5,3)=-3.5913751595e-002; w1(5,4)=4.0266982758e-001; 
w10(6,1)=-8.4245881111e-001; w1(6,1)=3.3521117942e-002; w1(6,2)=-9.9261095749e-002; w1(6,3)=4.2558801349e-001; w1(6,4)=1.2733207804e-001; 
w10(7,1)=1.8984791903e-002; w1(7,1)=1.0306305164e-001; w1(7,2)=7.5862157026e-002; w1(7,3)=2.3982106654e-001; w1(7,4)=-7.9862896859e-001; 
w10(8,1)=4.0394551710e-001; w1(8,1)=1.2534989969e+000; w1(8,2)=4.7185280078e-001; w1(8,3)=-2.5035310955e-001; w1(8,4)=-4.7841305476e-002; 
w10(9,1)=1.5888652798e+000; w1(9,1)=-3.8903694719e-001; w1(9,2)=2.1054029983e-001; w1(9,3)=-4.1400964072e-001; w1(9,4)=6.6213095159e-001; 
w10(10,1)=-8.9080717944e-001; w1(10,1)=7.1258978999e-001; w1(10,2)=3.7388187655e+000; w1(10,3)=-2.4313217673e-002; w1(10,4)=-8.3746813077e-001; 
w20=-3.5429600666e+000; w2(1)=-2.5690033096e+000; w2(2)=9.9714527487e-001; w2(3)=-1.9061586061e-001; w2(4)=-1.0513097302e+000; w2(5)=8.2009557693e-001; w2(6)=8.0487254852e-001; w2(7)=-1.8463558010e-001; w2(8)=-1.3022121288e+000; w2(9)=1.2161618564e+000; w2(10)=-1.0108719186e-002; 

