
%liczba neuronów ukrytych: 10, liczba wejœæ sieci: 4
%wejœcie 1: u(k-4)
%wejœcie 2: u(k-5)
%wejœcie 3: y(k-1)
%wejœcie 4: y(k-2)
%uczenie w trybie OE
w10(1,1)=9.6739899864e-001; w1(1,1)=-2.2951707695e-002; w1(1,2)=-1.7893794242e-001; w1(1,3)=1.6033764034e-001; w1(1,4)=2.0216555381e-001; 
w10(2,1)=5.5549413849e-001; w1(2,1)=6.5974416717e-001; w1(2,2)=-6.0980359664e-001; w1(2,3)=-9.1615845075e-001; w1(2,4)=1.8030247822e-001; 
w10(3,1)=-1.9636673939e+000; w1(3,1)=6.7300856781e-001; w1(3,2)=-1.0083044027e+000; w1(3,3)=-1.9775432686e-001; w1(3,4)=2.0841225554e+000; 
w10(4,1)=-4.5012279379e-001; w1(4,1)=-8.1760068760e-001; w1(4,2)=-1.9741270874e+000; w1(4,3)=-4.7089814117e-001; w1(4,4)=2.5089657946e-001; 
w10(5,1)=-2.7948297234e+000; w1(5,1)=-1.0278603519e-001; w1(5,2)=-4.7361246741e-002; w1(5,3)=1.0244718357e+000; w1(5,4)=1.9103721884e-001; 
w10(6,1)=-1.4049084575e+000; w1(6,1)=1.0677176425e-001; w1(6,2)=-1.7826484518e-001; w1(6,3)=-6.3496911773e-001; w1(6,4)=3.2396857754e-001; 
w10(7,1)=1.0569581089e+000; w1(7,1)=8.4552850463e-001; w1(7,2)=1.4824029924e+000; w1(7,3)=-1.5399153536e+000; w1(7,4)=6.8829116100e-001; 
w10(8,1)=8.7571285170e-001; w1(8,1)=-4.3431195415e-001; w1(8,2)=9.2817868579e-001; w1(8,3)=1.2869112228e+000; w1(8,4)=-8.6445245997e-001; 
w10(9,1)=4.5568283150e-001; w1(9,1)=-3.6722953311e-001; w1(9,2)=5.0807091535e-001; w1(9,3)=7.2123026903e-002; w1(9,4)=5.2211900470e-001; 
w10(10,1)=-1.8285778208e-001; w1(10,1)=-1.1305427536e+000; w1(10,2)=9.5993696888e-001; w1(10,3)=-1.3617109178e+000; w1(10,4)=1.1153265678e+000; 
w20=-3.5638311546e+000; w2(1)=8.9891766911e-001; w2(2)=-5.9297907748e-001; w2(3)=2.1471177952e-001; w2(4)=-6.1460274028e-002; w2(5)=-1.4953965437e+000; w2(6)=-1.7672699718e+000; w2(7)=-8.3852399602e-002; w2(8)=2.1623003428e-001; w2(9)=3.5864818425e-001; w2(10)=-4.4847046584e-001; 

