
%liczba neuronów ukrytych: 10, liczba wejœæ sieci: 4
%wejœcie 1: u(k-4)
%wejœcie 2: u(k-5)
%wejœcie 3: y(k-1)
%wejœcie 4: y(k-2)
%uczenie w trybie OE
w10(1,1)=-1.5173439611e+000; w1(1,1)=-7.7891477662e-001; w1(1,2)=-1.9606656392e+000; w1(1,3)=6.0871085358e-002; w1(1,4)=-4.2086322974e-001; 
w10(2,1)=2.0771980543e+000; w1(2,1)=-3.6857596766e-001; w1(2,2)=-1.0348376902e+000; w1(2,3)=-5.4232702112e-001; w1(2,4)=-4.8270980437e-001; 
w10(3,1)=1.5393731517e+000; w1(3,1)=4.1445452305e-001; w1(3,2)=7.9799467286e-002; w1(3,3)=7.6762782890e-001; w1(3,4)=-4.5584299522e-001; 
w10(4,1)=-6.4650904919e-001; w1(4,1)=1.0187905612e-001; w1(4,2)=3.3759160834e-001; w1(4,3)=1.0105916775e+000; w1(4,4)=1.9264696274e-002; 
w10(5,1)=3.7178818462e-001; w1(5,1)=2.0649184250e-001; w1(5,2)=-1.1152295358e-001; w1(5,3)=1.1842316171e+000; w1(5,4)=-6.5724176790e-001; 
w10(6,1)=7.0190774146e-001; w1(6,1)=8.6017811817e-001; w1(6,2)=3.8699466373e-001; w1(6,3)=-2.7616809146e-001; w1(6,4)=1.7816397610e-001; 
w10(7,1)=5.7874078446e-001; w1(7,1)=-1.5070498266e-001; w1(7,2)=-8.6523103753e-001; w1(7,3)=3.4033297401e-002; w1(7,4)=-1.4809797634e+000; 
w10(8,1)=-2.3280907941e-001; w1(8,1)=-1.3570766115e+000; w1(8,2)=-1.3154843124e+000; w1(8,3)=-2.7103926991e-001; w1(8,4)=1.2515031860e-001; 
w10(9,1)=-1.4021798748e+000; w1(9,1)=-3.6873532961e-001; w1(9,2)=3.4217707308e-001; w1(9,3)=4.7006151191e-001; w1(9,4)=8.0673508713e-001; 
w10(10,1)=-9.1098436486e-001; w1(10,1)=1.8458135970e-001; w1(10,2)=-5.8765066490e-002; w1(10,3)=-1.2754624808e-001; w1(10,4)=-1.5354243920e-001; 
w20=-2.2493350633e+000; w2(1)=-9.1424984879e-002; w2(2)=1.0222939580e-001; w2(3)=1.4807269631e+000; w2(4)=5.8954301723e-001; w2(5)=8.4249419965e-001; w2(6)=-4.6475519328e-001; w2(7)=1.2966809714e-001; w2(8)=-9.9474054954e-002; w2(9)=2.7178824596e-002; w2(10)=-1.3415356167e+000; 

