
%liczba neuronów ukrytych: 5, liczba wejœæ sieci: 4
%wejœcie 1: u(k-4)
%wejœcie 2: u(k-5)
%wejœcie 3: y(k-1)
%wejœcie 4: y(k-2)
%uczenie w trybie OE
w10(1,1)=2.3672096134e-001; w1(1,1)=-3.8548336003e-001; w1(1,2)=-5.6850232222e-001; w1(1,3)=-5.6442385115e-002; w1(1,4)=1.2453922405e-002; 
w10(2,1)=-6.2136939927e-001; w1(2,1)=-5.8311410476e-001; w1(2,2)=-7.4753697704e-001; w1(2,3)=2.5805264421e-002; w1(2,4)=-1.2860970365e-001; 
w10(3,1)=2.1043602418e-001; w1(3,1)=2.8489137758e-003; w1(3,2)=-4.8289057227e-003; w1(3,3)=-4.3090457777e-003; w1(3,4)=2.6209163163e-001; 
w10(4,1)=2.1195961799e-001; w1(4,1)=6.5940860118e-001; w1(4,2)=7.0373484573e-001; w1(4,3)=-2.0367253759e-001; w1(4,4)=-1.1847846661e-001; 
w10(5,1)=1.9663037982e-001; w1(5,1)=-3.0606506710e-001; w1(5,2)=-6.6284830219e-002; w1(5,3)=-1.0319677512e-001; w1(5,4)=4.3322880140e-001; 
w20=-9.1144991818e-001; w2(1)=-4.4867907683e-001; w2(2)=-1.3603852034e+000; w2(3)=5.8711935531e-001; w2(4)=-4.6864938474e-001; w2(5)=1.3548384242e+000; 

