
%liczba neuronów ukrytych: 5, liczba wejœæ sieci: 4
%wejœcie 1: u(k-4)
%wejœcie 2: u(k-5)
%wejœcie 3: y(k-1)
%wejœcie 4: y(k-2)
%uczenie w trybie OE
w10(1,1)=-2.5529004521e-001; w1(1,1)=-7.9815307516e-001; w1(1,2)=-8.3028191637e-001; w1(1,3)=1.9596387930e-002; w1(1,4)=-2.5187394220e-001; 
w10(2,1)=3.8715918420e-001; w1(2,1)=-2.8440017548e-001; w1(2,2)=9.2400538576e-003; w1(2,3)=1.5273661188e-002; w1(2,4)=4.2240575921e-001; 
w10(3,1)=-4.4944900065e-001; w1(3,1)=-1.4890330234e-001; w1(3,2)=-2.1269245511e-001; w1(3,3)=1.2185592848e-001; w1(3,4)=-3.9174469899e-001; 
w10(4,1)=-1.5727844796e-002; w1(4,1)=-2.2074167228e-001; w1(4,2)=-1.1164460356e-001; w1(4,3)=-1.8504638102e-001; w1(4,4)=-5.9567599705e-002; 
w10(5,1)=1.2952258853e+000; w1(5,1)=6.0541705404e-001; w1(5,2)=8.6552601239e-001; w1(5,3)=-5.9859883648e-002; w1(5,4)=3.1170629049e-001; 
w20=-1.2241387163e+000; w2(1)=-2.0444899215e-001; w2(2)=1.3179787881e+000; w2(3)=-7.2804910038e-001; w2(4)=-2.7016177632e-001; w2(5)=4.6669004967e-001; 

