
%liczba neuronów ukrytych: 5, liczba wejœæ sieci: 4
%wejœcie 1: u(k-4)
%wejœcie 2: u(k-5)
%wejœcie 3: y(k-1)
%wejœcie 4: y(k-2)
%uczenie w trybie OE
w10(1,1)=-7.3389026960e-003; w1(1,1)=-4.4915552859e-001; w1(1,2)=-3.6659055208e-001; w1(1,3)=-1.2619271741e-002; w1(1,4)=1.0678048294e-001; 
w10(2,1)=-6.7309522450e-001; w1(2,1)=-3.3976281139e-001; w1(2,2)=-5.0764579356e-001; w1(2,3)=1.8968644057e-002; w1(2,4)=-2.2030607222e-001; 
w10(3,1)=-7.4729859595e-002; w1(3,1)=1.3482021831e-001; w1(3,2)=1.4546759258e-001; w1(3,3)=-1.0025764115e-001; w1(3,4)=-1.0646910149e-001; 
w10(4,1)=-4.3396134038e-001; w1(4,1)=-4.7902959284e-001; w1(4,2)=-4.7412777108e-001; w1(4,3)=4.3519614764e-002; w1(4,4)=-2.1137237292e-001; 
w10(5,1)=-4.1498297034e-001; w1(5,1)=1.6041121522e-001; w1(5,2)=5.7537595336e-002; w1(5,3)=1.2738091694e-002; w1(5,4)=-4.3171283856e-001; 
w20=-1.3394721533e+000; w2(1)=2.4028631169e-001; w2(2)=-8.4989898311e-001; w2(3)=-1.0944116654e-001; w2(4)=-7.1011824882e-001; w2(5)=-1.4729605671e+000; 

