
%liczba neuronów ukrytych: 5, liczba wejœæ sieci: 4
%wejœcie 1: u(k-4)
%wejœcie 2: u(k-5)
%wejœcie 3: y(k-1)
%wejœcie 4: y(k-2)
%uczenie w trybie OE
w10(1,1)=-2.5570120102e-002; w1(1,1)=-4.5452030180e-001; w1(1,2)=-5.1579638870e-001; w1(1,3)=1.7385408575e-001; w1(1,4)=2.9821574271e-001; 
w10(2,1)=-5.0785949119e-004; w1(2,1)=1.3626519691e-002; w1(2,2)=-6.0693872702e-002; w1(2,3)=1.8049398410e-002; w1(2,4)=-3.6703854063e-001; 
w10(3,1)=5.9734703447e-002; w1(3,1)=-7.3102357360e-002; w1(3,2)=-4.3251887144e-002; w1(3,3)=-8.5447887026e-002; w1(3,4)=-2.7020653661e-001; 
w10(4,1)=-1.0804516191e+000; w1(4,1)=-2.5982231398e-001; w1(4,2)=-4.2656010678e-001; w1(4,3)=1.2793147743e-001; w1(4,4)=-4.5181463385e-001; 
w10(5,1)=5.9732034917e-002; w1(5,1)=-2.1107183827e-001; w1(5,2)=-4.4684994850e-001; w1(5,3)=-8.9555397613e-002; w1(5,4)=-1.9377696431e-001; 
w20=-9.5704023649e-001; w2(1)=4.1728372814e-001; w2(2)=-7.0251412456e-001; w2(3)=-5.4940298443e-001; w2(4)=-1.3016222947e+000; w2(5)=-3.9447903823e-001; 

