
%liczba neuronów ukrytych: 5, liczba wejœæ sieci: 4
%wejœcie 1: u(k-4)
%wejœcie 2: u(k-5)
%wejœcie 3: y(k-1)
%wejœcie 4: y(k-2)
%uczenie w trybie OE
w10(1,1)=-5.5375143779e-001; w1(1,1)=2.9475486833e-002; w1(1,2)=-8.8682766932e-002; w1(1,3)=5.7351979403e-002; w1(1,4)=-3.9578771921e-001; 
w10(2,1)=-5.6119269256e-002; w1(2,1)=5.1161932602e-001; w1(2,2)=3.8246509862e-001; w1(2,3)=4.3550420415e-002; w1(2,4)=-1.5359803956e-003; 
w10(3,1)=-1.2756002637e-001; w1(3,1)=1.5181517581e-001; w1(3,2)=-3.8523195332e-002; w1(3,3)=1.4209845390e-002; w1(3,4)=-2.9692101547e-001; 
w10(4,1)=7.6268869495e-001; w1(4,1)=9.3842122859e-001; w1(4,2)=1.0561430132e+000; w1(4,3)=4.0908425599e-002; w1(4,4)=3.3436857122e-002; 
w10(5,1)=-1.0517515800e-002; w1(5,1)=1.6535118681e-001; w1(5,2)=7.3713693948e-002; w1(5,3)=1.7872432675e-002; w1(5,4)=-3.0993518072e-001; 
w20=-9.8504779944e-001; w2(1)=-1.1234674611e+000; w2(2)=2.1462602937e-001; w2(3)=-9.8331654504e-001; w2(4)=5.0555305944e-001; w2(5)=-8.1130179409e-001; 

