
%liczba neuronów ukrytych: 5, liczba wejœæ sieci: 4
%wejœcie 1: u(k-4)
%wejœcie 2: u(k-5)
%wejœcie 3: y(k-1)
%wejœcie 4: y(k-2)
%uczenie w trybie OE
w10(1,1)=-1.2372309700e+000; w1(1,1)=-5.8867566242e-001; w1(1,2)=2.0565644858e+000; w1(1,3)=3.2417462856e-001; w1(1,4)=-4.8490423093e-001; 
w10(2,1)=-1.3923807799e+000; w1(2,1)=-1.8838458708e-001; w1(2,2)=1.0738659920e+000; w1(2,3)=2.3944879881e+000; w1(2,4)=-2.0160317862e+000; 
w10(3,1)=9.3402243346e-002; w1(3,1)=-1.0614258439e-002; w1(3,2)=-8.9880535569e-003; w1(3,3)=-6.5689338228e-001; w1(3,4)=3.0652802422e-001; 
w10(4,1)=5.5590411549e-001; w1(4,1)=-2.0135778035e+000; w1(4,2)=-3.4483821039e+000; w1(4,3)=2.8797145763e+000; w1(4,4)=-2.4061449396e+000; 
w10(5,1)=-1.4969914469e+000; w1(5,1)=-2.1163887770e-002; w1(5,2)=4.4670285544e-002; w1(5,3)=-6.3898353570e-001; w1(5,4)=2.1622138146e-001; 
w20=-1.7727149103e+000; w2(1)=5.1119033240e-001; w2(2)=-1.0551606072e+000; w2(3)=-2.6449870188e+000; w2(4)=-4.6372916353e-002; w2(5)=-1.7054522950e+000; 

