
%liczba neuronów ukrytych: 5, liczba wejœæ sieci: 4
%wejœcie 1: u(k-4)
%wejœcie 2: u(k-5)
%wejœcie 3: y(k-1)
%wejœcie 4: y(k-2)
%uczenie w trybie OE
w10(1,1)=-7.6409135826e-001; w1(1,1)=-1.3185702233e+000; w1(1,2)=5.7414359066e-001; w1(1,3)=5.6253075099e-001; w1(1,4)=-2.9341048102e-001; 
w10(2,1)=1.2261515577e-001; w1(2,1)=1.3336603428e+000; w1(2,2)=-4.5178528015e+000; w1(2,3)=-2.0349202639e-001; w1(2,4)=2.6292020786e-001; 
w10(3,1)=-5.1320668968e-001; w1(3,1)=-1.3125636913e+000; w1(3,2)=6.1651527521e-001; w1(3,3)=-1.4141245165e+000; w1(3,4)=1.1585971614e+000; 
w10(4,1)=-4.0307875358e-001; w1(4,1)=1.1290797413e-002; w1(4,2)=-1.3922633056e-002; w1(4,3)=4.0429319257e-001; w1(4,4)=-7.4193172947e-002; 
w10(5,1)=-9.9380050521e-001; w1(5,1)=5.5533089554e-002; w1(5,2)=-6.4532841047e-002; w1(5,3)=-3.2329766942e-001; w1(5,4)=6.7249069408e-002; 
w20=-1.4956363856e+000; w2(1)=3.7204158194e-001; w2(2)=-2.0189615869e-002; w2(3)=-3.9100189800e-001; w2(4)=1.8117008024e+000; w2(5)=-2.9591848737e+000; 

