
%liczba neuronów ukrytych: 5, liczba wejœæ sieci: 4
%wejœcie 1: u(k-4)
%wejœcie 2: u(k-5)
%wejœcie 3: y(k-1)
%wejœcie 4: y(k-2)
%uczenie w trybie OE
w10(1,1)=3.2552719989e-001; w1(1,1)=-8.2862615153e-003; w1(1,2)=7.7327890449e-002; w1(1,3)=-4.2944957888e-001; w1(1,4)=1.4050741890e-001; 
w10(2,1)=9.0024321533e-001; w1(2,1)=-3.4928273056e-001; w1(2,2)=-1.6922498556e+000; w1(2,3)=9.1475568580e-001; w1(2,4)=-7.0361309913e-001; 
w10(3,1)=-1.2806372756e+000; w1(3,1)=-4.5576510496e-002; w1(3,2)=5.1307847803e-002; w1(3,3)=-4.7635226044e-001; w1(3,4)=1.4091727198e-001; 
w10(4,1)=5.1063535748e-001; w1(4,1)=-6.2854139562e-001; w1(4,2)=1.2459630658e+000; w1(4,3)=1.5094582158e+000; w1(4,4)=-1.1724419595e+000; 
w10(5,1)=-1.4848640850e+000; w1(5,1)=7.8627546891e-001; w1(5,2)=1.8722820678e+000; w1(5,3)=1.4630085015e+000; w1(5,4)=-1.2261403471e+000; 
w20=-9.8686011831e-001; w2(1)=-2.8055038355e+000; w2(2)=-2.6585298841e-001; w2(3)=-2.0823020868e+000; w2(4)=2.8796577268e-001; w2(5)=-1.5587307738e-001; 

