
%liczba neuronów ukrytych: 5, liczba wejœæ sieci: 4
%wejœcie 1: u(k-4)
%wejœcie 2: u(k-5)
%wejœcie 3: y(k-1)
%wejœcie 4: y(k-2)
%uczenie w trybie OE
w10(1,1)=-1.0976910880e+000; w1(1,1)=1.1320778610e-001; w1(1,2)=-8.9720402901e-002; w1(1,3)=-3.9152568662e-001; w1(1,4)=9.5542785510e-002; 
w10(2,1)=-1.0993383113e+000; w1(2,1)=1.5164612132e+000; w1(2,2)=-7.1878666824e-001; w1(2,3)=1.4830176201e+000; w1(2,4)=-1.4564011407e+000; 
w10(3,1)=3.1453676007e-001; w1(3,1)=-2.2162919864e-002; w1(3,2)=1.7168089381e-002; w1(3,3)=-5.7333353695e-001; w1(3,4)=2.9473272513e-001; 
w10(4,1)=1.0986497690e+000; w1(4,1)=-1.6238559643e+000; w1(4,2)=8.3806732050e-001; w1(4,3)=-2.1583768783e+000; w1(4,4)=1.9610330737e+000; 
w10(5,1)=-2.0516813755e-001; w1(5,1)=1.7975272440e+000; w1(5,2)=1.2958461435e+000; w1(5,3)=-3.0064576915e+000; w1(5,4)=2.6283677712e+000; 
w20=-9.2906160553e-001; w2(1)=-2.4409773971e+000; w2(2)=1.3643433354e+000; w2(3)=-3.1505653096e+000; w2(4)=1.2942090827e+000; w2(5)=3.2830939210e-002; 

