
%liczba neuronów ukrytych: 5, liczba wejœæ sieci: 4
%wejœcie 1: u(k-4)
%wejœcie 2: u(k-5)
%wejœcie 3: y(k-1)
%wejœcie 4: y(k-2)
%uczenie w trybie OE
w10(1,1)=-4.8151297076e-001; w1(1,1)=4.2097863979e-001; w1(1,2)=-1.2070640007e+000; w1(1,3)=1.2349136688e+000; w1(1,4)=-9.5364619865e-001; 
w10(2,1)=-5.2496389434e-001; w1(2,1)=4.6313463696e-003; w1(2,2)=-9.5744796326e-002; w1(2,3)=-1.5380930183e-001; w1(2,4)=5.3402906620e-001; 
w10(3,1)=-1.3829115383e-001; w1(3,1)=1.2938129154e-001; w1(3,2)=2.6662147246e+000; w1(3,3)=-1.5716089137e-001; w1(3,4)=1.0300965492e-001; 
w10(4,1)=3.3283376945e-001; w1(4,1)=-2.2954826485e-001; w1(4,2)=6.8494768073e-001; w1(4,3)=9.8931082605e-001; w1(4,4)=-8.1198629041e-001; 
w10(5,1)=-8.8390098094e-001; w1(5,1)=-2.7428128926e-002; w1(5,2)=5.0896730667e-002; w1(5,3)=5.2843258813e-003; w1(5,4)=-2.4930760464e-001; 
w20=-1.4278495177e+000; w2(1)=5.7372018164e-001; w2(2)=1.1034774944e+000; w2(3)=3.6522249206e-002; w2(4)=1.2497595012e+000; w2(5)=-2.5687150349e+000; 

