
%liczba neuronów ukrytych: 8, liczba wejœæ sieci: 4
%wejœcie 1: u(k-4)
%wejœcie 2: u(k-5)
%wejœcie 3: y(k-1)
%wejœcie 4: y(k-2)
%uczenie w trybie OE
w10(1,1)=4.4854493550e-001; w1(1,1)=-1.8906273615e-001; w1(1,2)=3.0666825641e-001; w1(1,3)=6.2472997727e-001; w1(1,4)=-4.6803339106e-001; 
w10(2,1)=9.7145169303e-003; w1(2,1)=-1.1259105965e+000; w1(2,2)=-1.2295202852e+000; w1(2,3)=2.7102598306e-001; w1(2,4)=3.3224561795e-001; 
w10(3,1)=-3.9368078975e-001; w1(3,1)=1.0528866386e+000; w1(3,2)=1.2333473763e+000; w1(3,3)=5.1286914565e-001; w1(3,4)=-1.8162393841e-001; 
w10(4,1)=4.1444376991e-001; w1(4,1)=-5.9687432830e-001; w1(4,2)=1.0254899327e+000; w1(4,3)=-3.6263198700e-001; w1(4,4)=-4.4322118088e-003; 
w10(5,1)=-6.2888166619e-001; w1(5,1)=-5.3457362723e-001; w1(5,2)=6.1579176917e-001; w1(5,3)=7.5915133821e-001; w1(5,4)=-1.8004222465e-001; 
w10(6,1)=-7.4632229024e-001; w1(6,1)=3.9434383662e-002; w1(6,2)=-1.4598188056e-002; w1(6,3)=4.2615982035e-001; w1(6,4)=-6.2458457178e-001; 
w10(7,1)=-5.4745834027e-001; w1(7,1)=-3.5885882172e-001; w1(7,2)=4.0733413989e-001; w1(7,3)=-6.3173597802e-001; w1(7,4)=4.2253633586e-001; 
w10(8,1)=-1.8313504605e-001; w1(8,1)=7.3009116256e-001; w1(8,2)=1.4570835195e+000; w1(8,3)=9.6914425642e-002; w1(8,4)=-5.7228404109e-002; 
w20=-2.0385409664e+000; w2(1)=2.2292268167e+000; w2(2)=4.0845090391e-002; w2(3)=-1.4118950163e-001; w2(4)=-5.1700573755e-001; w2(5)=4.3026545802e-001; w2(6)=-1.5011135929e+000; w2(7)=-1.1653691191e+000; w2(8)=2.2682124471e-001; 

