
%liczba neuronów ukrytych: 8, liczba wejœæ sieci: 4
%wejœcie 1: u(k-4)
%wejœcie 2: u(k-5)
%wejœcie 3: y(k-1)
%wejœcie 4: y(k-2)
%uczenie w trybie OE
w10(1,1)=6.3431894760e-001; w1(1,1)=-3.3210739541e-002; w1(1,2)=-1.2238205303e-002; w1(1,3)=-7.7297423740e-001; w1(1,4)=2.0201720349e-001; 
w10(2,1)=-1.3136314606e+000; w1(2,1)=-6.8469663884e-002; w1(2,2)=-5.8403343155e-002; w1(2,3)=-5.3325699708e-001; w1(2,4)=2.3552084399e-001; 
w10(3,1)=-9.7046497487e-001; w1(3,1)=-4.1002807855e-002; w1(3,2)=2.0968718640e-001; w1(3,3)=-2.0541678992e-001; w1(3,4)=-1.1190836384e-001; 
w10(4,1)=5.9413592565e-001; w1(4,1)=-4.1535257839e-002; w1(4,2)=-3.2323848121e-002; w1(4,3)=9.4974160301e-002; w1(4,4)=-3.4364355687e-001; 
w10(5,1)=-4.8979596166e-001; w1(5,1)=2.6917096476e-002; w1(5,2)=-5.0095916376e-002; w1(5,3)=-8.3670793208e-001; w1(5,4)=3.6138245048e-001; 
w10(6,1)=3.1235274852e-001; w1(6,1)=-8.3027433437e-001; w1(6,2)=-1.1954984053e+000; w1(6,3)=4.2951870308e-001; w1(6,4)=-4.1925446061e-001; 
w10(7,1)=5.3476786290e-001; w1(7,1)=-7.6761126544e-001; w1(7,2)=-1.3595281054e+000; w1(7,3)=-4.2779173131e-001; w1(7,4)=2.0923324047e-001; 
w10(8,1)=1.5572327014e-001; w1(8,1)=1.0708223998e+000; w1(8,2)=3.5725241009e-001; w1(8,3)=-6.1814373201e-001; w1(8,4)=3.8120091624e-001; 
w20=-2.4203041464e+000; w2(1)=-1.4341827517e+000; w2(2)=-2.2248594320e+000; w2(3)=-5.3556750734e-001; w2(4)=9.0353932737e-001; w2(5)=-9.2198824282e-001; w2(6)=-4.6114082127e-001; w2(7)=3.3449683420e-001; w2(8)=-1.6389799729e-001; 

