
%liczba neuronów ukrytych: 8, liczba wejœæ sieci: 4
%wejœcie 1: u(k-4)
%wejœcie 2: u(k-5)
%wejœcie 3: y(k-1)
%wejœcie 4: y(k-2)
%uczenie w trybie OE
w10(1,1)=1.2630069469e+000; w1(1,1)=2.1736716001e-001; w1(1,2)=-3.3815048564e-001; w1(1,3)=9.6638278886e-001; w1(1,4)=-4.2828266182e-001; 
w10(2,1)=5.8344813779e-001; w1(2,1)=-7.1935196864e-001; w1(2,2)=-1.0290986583e+000; w1(2,3)=-1.0686984102e+000; w1(2,4)=7.9738933241e-001; 
w10(3,1)=-1.8986526248e-001; w1(3,1)=-3.0374861736e+000; w1(3,2)=-3.0442282657e+000; w1(3,3)=1.5443466488e+000; w1(3,4)=4.8567856327e-001; 
w10(4,1)=-2.1631364713e+000; w1(4,1)=9.4107156392e-001; w1(4,2)=4.9000652780e-001; w1(4,3)=-8.0818442704e-001; w1(4,4)=-1.6652232743e+000; 
w10(5,1)=4.3342139591e-001; w1(5,1)=-4.8612181557e-001; w1(5,2)=7.6913259294e-001; w1(5,3)=-8.7166135823e-001; w1(5,4)=3.3384729541e-001; 
w10(6,1)=-3.8698561779e+000; w1(6,1)=2.5308218617e-001; w1(6,2)=-3.8146157588e-001; w1(6,3)=-1.4925071859e+000; w1(6,4)=4.6261836425e-001; 
w10(7,1)=4.3784634744e-001; w1(7,1)=-4.5111941156e-001; w1(7,2)=-1.2402750171e+000; w1(7,3)=-5.0889856399e-001; w1(7,4)=4.4645758314e-001; 
w10(8,1)=-4.9525444656e-002; w1(8,1)=-4.8089351554e-001; w1(8,2)=7.7231465853e-001; w1(8,3)=4.4019985466e-001; w1(8,4)=-1.4373995383e-001; 
w20=-8.4907504703e-001; w2(1)=1.1813950372e+000; w2(2)=4.2238688092e-001; w2(3)=-6.8405263881e-003; w2(4)=-1.1432615390e-002; w2(5)=-1.1508970183e+000; w2(6)=-3.2211746935e-001; w2(7)=-4.5465356684e-001; w2(8)=1.1414262970e+000; 

