
%liczba neuronów ukrytych: 8, liczba wejœæ sieci: 4
%wejœcie 1: u(k-4)
%wejœcie 2: u(k-5)
%wejœcie 3: y(k-1)
%wejœcie 4: y(k-2)
%uczenie w trybie OE
w10(1,1)=1.2096539373e+000; w1(1,1)=9.6197672729e-001; w1(1,2)=2.0129699566e+000; w1(1,3)=-5.5688406377e-001; w1(1,4)=4.6743938112e-001; 
w10(2,1)=-7.3909134570e-001; w1(2,1)=-1.0781090227e-001; w1(2,2)=2.1464334368e-001; w1(2,3)=1.2124368412e+000; w1(2,4)=-3.2206958880e-001; 
w10(3,1)=8.4171205692e-001; w1(3,1)=1.3446471908e+000; w1(3,2)=8.7344339589e-001; w1(3,3)=-5.9652396356e-001; w1(3,4)=6.3228885244e-001; 
w10(4,1)=-9.1806296753e-001; w1(4,1)=-3.2701446417e-001; w1(4,2)=6.8319316420e-001; w1(4,3)=-1.2283471944e-001; w1(4,4)=-2.1042927712e-001; 
w10(5,1)=-8.3634440355e-001; w1(5,1)=-1.1670149824e+000; w1(5,2)=-1.0158724335e-001; w1(5,3)=8.8783593013e-001; w1(5,4)=-6.8517397674e-001; 
w10(6,1)=4.6805195649e-001; w1(6,1)=-4.3826661600e-002; w1(6,2)=2.2236112190e-001; w1(6,3)=1.1314340894e+000; w1(6,4)=-2.6828366831e-001; 
w10(7,1)=-2.4579045877e+000; w1(7,1)=2.0611810162e-001; w1(7,2)=-9.6945047690e-001; w1(7,3)=-5.2500885565e-001; w1(7,4)=3.5119603496e-002; 
w10(8,1)=6.4735105992e-001; w1(8,1)=-1.8003514584e-002; w1(8,2)=1.4296549195e-001; w1(8,3)=8.1380115707e-001; w1(8,4)=-4.5265695065e-001; 
w20=-1.5739101118e+000; w2(1)=-1.5592261061e-001; w2(2)=5.4228134105e-001; w2(3)=3.2355903427e-001; w2(4)=-6.4495487629e-001; w2(5)=3.2162534594e-001; w2(6)=1.7077735684e-001; w2(7)=-5.7766849809e-001; w2(8)=1.6345250041e+000; 

