
%liczba neuronów ukrytych: 8, liczba wejœæ sieci: 4
%wejœcie 1: u(k-4)
%wejœcie 2: u(k-5)
%wejœcie 3: y(k-1)
%wejœcie 4: y(k-2)
%uczenie w trybie OE
w10(1,1)=-1.5001591518e+000; w1(1,1)=-3.6491389534e-002; w1(1,2)=3.9246596900e-002; w1(1,3)=-5.1282449829e-001; w1(1,4)=2.0817793356e-001; 
w10(2,1)=2.0458863559e+000; w1(2,1)=1.7447045869e+000; w1(2,2)=3.1077275578e-001; w1(2,3)=-3.8335368639e-001; w1(2,4)=-4.2129853674e-004; 
w10(3,1)=5.0465660104e-002; w1(3,1)=-1.8133355562e+000; w1(3,2)=2.9558200250e-001; w1(3,3)=-3.6728520648e-001; w1(3,4)=3.5002449139e-001; 
w10(4,1)=8.6556666941e-001; w1(4,1)=1.0411085774e-001; w1(4,2)=-1.8809596881e-001; w1(4,3)=-1.0282262919e+000; w1(4,4)=2.1187398618e-001; 
w10(5,1)=7.5328514859e-001; w1(5,1)=-1.1518472170e-001; w1(5,2)=1.1738409829e-001; w1(5,3)=5.2245747539e-001; w1(5,4)=-1.5259062823e-001; 
w10(6,1)=1.0066281935e+000; w1(6,1)=5.5362470360e-001; w1(6,2)=4.2129754827e-001; w1(6,3)=-1.3399986770e+000; w1(6,4)=9.4961351891e-001; 
w10(7,1)=-3.2198736134e-001; w1(7,1)=-1.1064333727e-003; w1(7,2)=1.0422771191e-002; w1(7,3)=-6.9188674543e-001; w1(7,4)=7.3400973589e-004; 
w10(8,1)=-7.0433888130e-001; w1(8,1)=-7.9809368610e-001; w1(8,2)=-1.2612410414e+000; w1(8,3)=-8.8988600500e-001; w1(8,4)=6.2896929661e-001; 
w20=-2.2664805859e+000; w2(1)=-2.2569325204e+000; w2(2)=2.8675513443e-001; w2(3)=-1.5604675615e-001; w2(4)=-5.6837283291e-001; w2(5)=1.2271079697e+000; w2(6)=-7.7106049183e-001; w2(7)=-3.2328043988e-001; w2(8)=-9.6012376070e-002; 

