
%liczba neuronów ukrytych: 1, liczba wejœæ sieci: 4
%wejœcie 1: u(k-4)
%wejœcie 2: u(k-5)
%wejœcie 3: y(k-1)
%wejœcie 4: y(k-2)
%uczenie w trybie OE
w10(1,1)=5.0768988500e-001; w1(1,1)=-6.9709325049e-002; w1(1,2)=2.6391296009e-001; w1(1,3)=3.2045786785e-002; w1(1,4)=2.6945746389e-001; 
w20=-1.4932843244e+000; w2(1)=3.1708148325e+000; 

