
%liczba neuronów ukrytych: 1, liczba wejœæ sieci: 4
%wejœcie 1: u(k-4)
%wejœcie 2: u(k-5)
%wejœcie 3: y(k-1)
%wejœcie 4: y(k-2)
%uczenie w trybie OE
w10(1,1)=5.0769034247e-001; w1(1,1)=-6.9709201524e-002; w1(1,2)=2.6391333489e-001; w1(1,3)=3.2045007047e-002; w1(1,4)=2.6945849153e-001; 
w20=-1.4932841451e+000; w2(1)=3.1708121346e+000; 

