
%liczba neuronów ukrytych: 1, liczba wejœæ sieci: 4
%wejœcie 1: u(k-4)
%wejœcie 2: u(k-5)
%wejœcie 3: y(k-1)
%wejœcie 4: y(k-2)
%uczenie w trybie OE
w10(1,1)=5.0768992990e-001; w1(1,1)=-6.9709114570e-002; w1(1,2)=2.6391278651e-001; w1(1,3)=3.2045705828e-002; w1(1,4)=2.6945756414e-001; 
w20=-1.4932843376e+000; w2(1)=3.1708146299e+000; 

