
%liczba neuronów ukrytych: 4, liczba wejœæ sieci: 4
%wejœcie 1: u(k-4)
%wejœcie 2: u(k-5)
%wejœcie 3: y(k-1)
%wejœcie 4: y(k-2)
%uczenie w trybie OE
w10(1,1)=9.0828947628e-001; w1(1,1)=9.0473868476e-001; w1(1,2)=1.1229928695e+000; w1(1,3)=-5.4669190909e+000; w1(1,4)=5.5222014962e+000; 
w10(2,1)=8.0793106108e-001; w1(2,1)=5.0850755769e-002; w1(2,2)=-2.4558272509e-002; w1(2,3)=1.0714319178e+000; w1(2,4)=-5.3548106490e-001; 
w10(3,1)=1.1001820971e+000; w1(3,1)=2.0886827557e+000; w1(3,2)=9.9028508977e-001; w1(3,3)=9.1839967059e-002; w1(3,4)=-5.2295711851e-001; 
w10(4,1)=-4.2154076601e-001; w1(4,1)=7.5830219752e+000; w1(4,2)=3.3585664667e+000; w1(4,3)=7.3970363537e-001; w1(4,4)=-2.9928706128e+000; 
w20=-1.3821118826e+000; w2(1)=3.9506962413e-001; w2(2)=2.0146477312e+000; w2(3)=-2.9171610555e-001; w2(4)=2.1984656242e-001; 

