
%liczba neuronów ukrytych: 4, liczba wejœæ sieci: 4
%wejœcie 1: u(k-4)
%wejœcie 2: u(k-5)
%wejœcie 3: y(k-1)
%wejœcie 4: y(k-2)
%uczenie w trybie OE
w10(1,1)=-1.0176642448e+000; w1(1,1)=4.1851618200e-003; w1(1,2)=-1.1769312593e-003; w1(1,3)=-4.6879605004e-001; w1(1,4)=2.0155632236e-001; 
w10(2,1)=1.4704084116e-001; w1(2,1)=2.3680137859e-001; w1(2,2)=-2.3062499773e-001; w1(2,3)=-5.0635194498e-001; w1(2,4)=1.0300366908e-001; 
w10(3,1)=1.4911569666e+000; w1(3,1)=-7.2832160212e+000; w1(3,2)=8.8137079793e+000; w1(3,3)=1.7819031089e+000; w1(3,4)=-3.6840027573e+000; 
w10(4,1)=-3.7249968299e-001; w1(4,1)=-2.5587023858e+000; w1(4,2)=1.0725168560e+000; w1(4,3)=-1.5425516106e+000; w1(4,4)=1.3273861180e+000; 
w20=-2.3035640943e+000; w2(1)=-3.2772876941e+000; w2(2)=-1.3807616908e+000; w2(3)=-7.3494002385e-002; w2(4)=-1.4577456136e-001; 

