
%liczba neuronów ukrytych: 4, liczba wejœæ sieci: 4
%wejœcie 1: u(k-4)
%wejœcie 2: u(k-5)
%wejœcie 3: y(k-1)
%wejœcie 4: y(k-2)
%uczenie w trybie OE
w10(1,1)=1.5682720292e-002; w1(1,1)=-4.2547466865e-002; w1(1,2)=5.4914218002e+000; w1(1,3)=-6.6608346723e+000; w1(1,4)=5.9803212509e+000; 
w10(2,1)=-3.9726250328e-001; w1(2,1)=-2.6442739085e-001; w1(2,2)=2.5342238502e-001; w1(2,3)=4.2960251484e-001; w1(2,4)=2.3661622632e-002; 
w10(3,1)=-5.5212690177e-001; w1(3,1)=-2.1068309332e+000; w1(3,2)=1.9086977995e+000; w1(3,3)=-3.2521377194e+000; w1(3,4)=2.6791588694e+000; 
w10(4,1)=-8.9986474505e-001; w1(4,1)=-1.2687321276e-002; w1(4,2)=1.1282094181e-002; w1(4,3)=-4.3513764930e-001; w1(4,4)=1.8364767124e-001; 
w20=-2.2609802116e+000; w2(1)=2.2900965088e-002; w2(2)=1.1660167308e+000; w2(3)=-1.7289585572e-001; w2(4)=-3.6499748094e+000; 

