
%liczba neuronów ukrytych: 4, liczba wejœæ sieci: 4
%wejœcie 1: u(k-4)
%wejœcie 2: u(k-5)
%wejœcie 3: y(k-1)
%wejœcie 4: y(k-2)
%uczenie w trybie OE
w10(1,1)=-1.0116752519e+000; w1(1,1)=-7.1833498292e+000; w1(1,2)=-1.3888778900e+001; w1(1,3)=9.0257836383e+000; w1(1,4)=-5.7138664607e+000; 
w10(2,1)=-1.3002321397e+000; w1(2,1)=5.6155030114e-001; w1(2,2)=1.4092693466e+000; w1(2,3)=8.0839894513e-001; w1(2,4)=-7.6882560514e-001; 
w10(3,1)=3.8554000605e-003; w1(3,1)=7.2022113703e-003; w1(3,2)=-7.6864484641e-003; w1(3,3)=-1.1945672619e-001; w1(3,4)=4.5938487265e-002; 
w10(4,1)=-1.2438589223e+000; w1(4,1)=5.6682901333e-001; w1(4,2)=1.3848878688e+000; w1(4,3)=5.2430889294e-001; w1(4,4)=-5.5437616712e-001; 
w20=2.7609359694e-002; w2(1)=-6.1792563874e-003; w2(2)=-2.8334619348e+000; w2(3)=-1.3684501096e+001; w2(4)=2.8593139780e+000; 

