
%liczba neuronów ukrytych: 4, liczba wejœæ sieci: 4
%wejœcie 1: u(k-4)
%wejœcie 2: u(k-5)
%wejœcie 3: y(k-1)
%wejœcie 4: y(k-2)
%uczenie w trybie OE
w10(1,1)=-8.9120350363e-001; w1(1,1)=5.5436217611e-001; w1(1,2)=-7.9612134807e-001; w1(1,3)=1.0273189251e-001; w1(1,4)=1.5487140352e-001; 
w10(2,1)=7.9714194123e-002; w1(2,1)=-5.1150793284e-001; w1(2,2)=9.4443934153e-001; w1(2,3)=1.0046461875e+000; w1(2,4)=-7.7509290317e-001; 
w10(3,1)=1.7655592159e+000; w1(3,1)=-9.3301904667e-001; w1(3,2)=7.4953894983e-001; w1(3,3)=-1.3787191326e+000; w1(3,4)=1.2720372772e+000; 
w10(4,1)=-1.1369858384e+000; w1(4,1)=-9.7576356508e-002; w1(4,2)=1.1155554738e-001; w1(4,3)=-3.8383802431e-001; w1(4,4)=9.1067679409e-002; 
w20=-2.7231232098e+000; w2(1)=3.3559193342e+000; w2(2)=1.4752275873e+000; w2(3)=3.2671328023e+000; w2(4)=-2.3534015283e+000; 

