
%liczba neuronów ukrytych: 6, liczba wejœæ sieci: 4
%wejœcie 1: u(k-4)
%wejœcie 2: u(k-5)
%wejœcie 3: y(k-1)
%wejœcie 4: y(k-2)
%uczenie w trybie OE
w10(1,1)=-8.2038359952e-001; w1(1,1)=-2.1609719465e-001; w1(1,2)=1.3062619764e+000; w1(1,3)=-1.6914021704e-001; w1(1,4)=6.8466980082e-001; 
w10(2,1)=-1.7152702368e+000; w1(2,1)=-5.9394953398e-002; w1(2,2)=6.7425450113e-001; w1(2,3)=1.7881731409e+000; w1(2,4)=-1.5432164703e+000; 
w10(3,1)=1.4635672276e+000; w1(3,1)=-4.5177650780e-002; w1(3,2)=2.7708402288e-001; w1(3,3)=5.9593375342e-001; w1(3,4)=-2.7180554695e-001; 
w10(4,1)=3.5710930721e-001; w1(4,1)=-1.7481159665e-001; w1(4,2)=4.5544399746e-001; w1(4,3)=7.9052352272e-001; w1(4,4)=-4.1145522891e-001; 
w10(5,1)=-9.5277106376e-001; w1(5,1)=4.9660032996e-001; w1(5,2)=-1.5197642515e+000; w1(5,3)=-4.0669805413e-001; w1(5,4)=3.9519184885e-001; 
w10(6,1)=8.1176945758e-001; w1(6,1)=-8.6551398717e-003; w1(6,2)=-3.4835026413e-001; w1(6,3)=-8.2059632805e-001; w1(6,4)=2.2463064549e-001; 
w20=-3.0184664640e+000; w2(1)=-3.4308906739e-001; w2(2)=-1.5097283016e+000; w2(3)=2.4368932207e+000; w2(4)=1.5713308222e+000; w2(5)=6.4759685022e-001; w2(6)=-1.3065361653e+000; 

