
%liczba neuronów ukrytych: 6, liczba wejœæ sieci: 4
%wejœcie 1: u(k-4)
%wejœcie 2: u(k-5)
%wejœcie 3: y(k-1)
%wejœcie 4: y(k-2)
%uczenie w trybie OE
w10(1,1)=-2.2791864432e+000; w1(1,1)=-2.6692031355e+000; w1(1,2)=-2.2014257160e+000; w1(1,3)=1.0120298143e+000; w1(1,4)=-1.7146569100e+000; 
w10(2,1)=6.6516907604e-001; w1(2,1)=9.7020110322e-003; w1(2,2)=-2.2689499153e-002; w1(2,3)=-7.9496589557e-001; w1(2,4)=1.8305623302e-001; 
w10(3,1)=-4.6433897581e-001; w1(3,1)=-1.2688817103e+000; w1(3,2)=6.8333856459e-001; w1(3,3)=-1.2216395329e+000; w1(3,4)=9.7486945376e-001; 
w10(4,1)=-6.3897729295e-001; w1(4,1)=2.6437323813e-001; w1(4,2)=-1.7119602012e-001; w1(4,3)=-5.0591571976e-001; w1(4,4)=-4.4538792828e-002; 
w10(5,1)=-8.0741719196e-001; w1(5,1)=-1.3150866331e+000; w1(5,2)=6.9650764556e-001; w1(5,3)=3.4091080971e-001; w1(5,4)=-2.3606868960e-002; 
w10(6,1)=-1.7724585588e+000; w1(6,1)=3.3522036120e-001; w1(6,2)=-2.8866268357e-001; w1(6,3)=-4.9125336988e-001; w1(6,4)=1.5806498567e-002; 
w20=-1.1180989424e+000; w2(1)=1.4109422626e-002; w2(2)=-8.9981918354e-001; w2(3)=-7.4629889846e-001; w2(4)=-7.4820518355e-001; w2(5)=6.1405440899e-001; w2(6)=-1.3982674066e+000; 

