
%liczba neuronów ukrytych: 6, liczba wejœæ sieci: 4
%wejœcie 1: u(k-4)
%wejœcie 2: u(k-5)
%wejœcie 3: y(k-1)
%wejœcie 4: y(k-2)
%uczenie w trybie OE
w10(1,1)=-1.1523605120e+000; w1(1,1)=9.2989539741e-002; w1(1,2)=-1.8397197026e-002; w1(1,3)=-4.6139914229e-001; w1(1,4)=1.2778274471e-001; 
w10(2,1)=-8.8488598041e-002; w1(2,1)=-4.5701501991e-001; w1(2,2)=4.4828211220e-001; w1(2,3)=3.8472840478e-001; w1(2,4)=6.4190566553e-002; 
w10(3,1)=-3.2958438223e-001; w1(3,1)=-1.4308574182e+000; w1(3,2)=-4.6323250257e+000; w1(3,3)=-4.3678519844e-001; w1(3,4)=1.8390806371e+000; 
w10(4,1)=-7.0039710693e-001; w1(4,1)=-7.1757346636e-001; w1(4,2)=1.5270844775e+000; w1(4,3)=2.0748776662e+000; w1(4,4)=-1.2274430875e+000; 
w10(5,1)=-6.6738460999e-002; w1(5,1)=1.1773956146e+000; w1(5,2)=-4.1736525448e-001; w1(5,3)=1.1547357315e+000; w1(5,4)=-1.0882295625e+000; 
w10(6,1)=-1.0320179775e+000; w1(6,1)=-1.3329903176e-001; w1(6,2)=-9.3390274785e-001; w1(6,3)=2.3261115062e+000; w1(6,4)=-4.5708947833e-001; 
w20=-1.9421571634e+000; w2(1)=-2.5366200703e+000; w2(2)=1.4778023100e+000; w2(3)=-7.4341400934e-003; w2(4)=-2.1734954528e-001; w2(5)=5.2530352110e-001; w2(6)=1.3250496738e-001; 

