
%liczba neuronów ukrytych: 6, liczba wejœæ sieci: 4
%wejœcie 1: u(k-4)
%wejœcie 2: u(k-5)
%wejœcie 3: y(k-1)
%wejœcie 4: y(k-2)
%uczenie w trybie OE
w10(1,1)=3.4531195097e-001; w1(1,1)=-3.8255571266e-001; w1(1,2)=5.2396353169e-001; w1(1,3)=3.5669089824e-001; w1(1,4)=1.4903326365e-001; 
w10(2,1)=1.2536105808e+000; w1(2,1)=1.7254540475e-002; w1(2,2)=-6.4344931961e-003; w1(2,3)=6.9996971688e-001; w1(2,4)=-3.4392690689e-001; 
w10(3,1)=-1.3103850377e+000; w1(3,1)=-2.3489635875e-001; w1(3,2)=1.8275237821e-001; w1(3,3)=4.6314581098e-001; w1(3,4)=-5.6152975175e-001; 
w10(4,1)=5.7919630552e-001; w1(4,1)=9.9535060923e-001; w1(4,2)=-9.9695345612e-002; w1(4,3)=-1.8123938792e+000; w1(4,4)=1.4782127829e+000; 
w10(5,1)=2.2487147790e-001; w1(5,1)=4.4620666160e-001; w1(5,2)=5.3855767122e-001; w1(5,3)=1.6892265423e+000; w1(5,4)=-1.4591194469e+000; 
w10(6,1)=9.4379787782e-001; w1(6,1)=-3.0550695065e-001; w1(6,2)=4.8365762020e-001; w1(6,3)=-4.7998960835e-001; w1(6,4)=-2.5137024937e-001; 
w20=-2.9054071649e+000; w2(1)=7.0075983483e-001; w2(2)=2.0659966318e+000; w2(3)=-1.7949268986e+000; w2(4)=-3.0153275202e-001; w2(5)=3.1875916973e-001; w2(6)=-7.4179618313e-001; 

