
%liczba neuronów ukrytych: 6, liczba wejœæ sieci: 4
%wejœcie 1: u(k-4)
%wejœcie 2: u(k-5)
%wejœcie 3: y(k-1)
%wejœcie 4: y(k-2)
%uczenie w trybie OE
w10(1,1)=-6.2064758704e-001; w1(1,1)=1.2581639736e+000; w1(1,2)=9.8045728507e-001; w1(1,3)=-7.8417644555e-001; w1(1,4)=6.5005107959e-001; 
w10(2,1)=-9.0010862420e-001; w1(2,1)=1.2560148207e+000; w1(2,2)=1.0637836499e+000; w1(2,3)=9.0708749114e-001; w1(2,4)=-6.8794188304e-001; 
w10(3,1)=7.7266003361e-001; w1(3,1)=-1.8267371781e-001; w1(3,2)=8.9548272738e-002; w1(3,3)=-9.7056223230e-001; w1(3,4)=1.1998527045e-001; 
w10(4,1)=-1.0725086829e+000; w1(4,1)=-4.3500276572e-002; w1(4,2)=-3.3992110383e-003; w1(4,3)=-3.5876708710e-001; w1(4,4)=1.2580535908e-001; 
w10(5,1)=-5.1297801464e-002; w1(5,1)=-1.5593999679e-002; w1(5,2)=-1.2728673860e-002; w1(5,3)=-6.8075021532e-001; w1(5,4)=3.7371315103e-001; 
w10(6,1)=1.0229160161e-002; w1(6,1)=7.6495509798e-001; w1(6,2)=-7.7492723303e-002; w1(6,3)=-1.8806862810e-002; w1(6,4)=-1.6695752195e-001; 
w20=-2.3617275094e+000; w2(1)=3.3361162134e-001; w2(2)=-2.8053918777e-001; w2(3)=-2.7349726409e-001; w2(4)=-3.0732517949e+000; w2(5)=-1.8655654676e+000; w2(6)=-2.5868924164e-001; 

