
%liczba neuronów ukrytych: 7, liczba wejœæ sieci: 4
%wejœcie 1: u(k-4)
%wejœcie 2: u(k-5)
%wejœcie 3: y(k-1)
%wejœcie 4: y(k-2)
%uczenie w trybie OE
w10(1,1)=1.2066196698e+000; w1(1,1)=3.9254657238e-001; w1(1,2)=-1.8462848477e-001; w1(1,3)=-1.5173567684e+000; w1(1,4)=1.4069600097e-001; 
w10(2,1)=-1.0677964276e+000; w1(2,1)=2.1080365125e-002; w1(2,2)=-6.1028325309e-002; w1(2,3)=-3.6836101237e-001; w1(2,4)=9.7761689056e-002; 
w10(3,1)=-1.0697450615e+000; w1(3,1)=-2.4286509738e+000; w1(3,2)=1.6969045068e-001; w1(3,3)=-2.9473076623e-001; w1(3,4)=2.9896836265e-001; 
w10(4,1)=1.2348657623e+000; w1(4,1)=3.4371934280e-001; w1(4,2)=4.2245698002e-001; w1(4,3)=-1.0172811180e+000; w1(4,4)=3.2013531928e-001; 
w10(5,1)=-6.7286544421e-001; w1(5,1)=-1.5426994663e+000; w1(5,2)=1.6289079776e-001; w1(5,3)=-6.1165421581e-001; w1(5,4)=4.8237147015e-001; 
w10(6,1)=8.3060657100e-001; w1(6,1)=4.6048429249e-001; w1(6,2)=2.5557080709e-001; w1(6,3)=-1.2286478090e+000; w1(6,4)=9.4661808840e-001; 
w10(7,1)=8.0146773996e-002; w1(7,1)=-1.1703135883e-002; w1(7,2)=-4.8817540727e-002; w1(7,3)=-4.7830717107e-001; w1(7,4)=4.4175464239e-002; 
w20=-1.9184088319e+000; w2(1)=-1.6316322459e-001; w2(2)=-2.9378534601e+000; w2(3)=1.4594355067e-001; w2(4)=3.1672530186e-001; w2(5)=-4.1361411980e-001; w2(6)=-8.2786060021e-001; w2(7)=-1.1679938212e+000; 

