
%liczba neuronów ukrytych: 7, liczba wejœæ sieci: 4
%wejœcie 1: u(k-4)
%wejœcie 2: u(k-5)
%wejœcie 3: y(k-1)
%wejœcie 4: y(k-2)
%uczenie w trybie OE
w10(1,1)=3.7214300669e-002; w1(1,1)=-2.5221801978e-002; w1(1,2)=7.2376902666e-003; w1(1,3)=-7.1827544951e-001; w1(1,4)=3.6220638899e-001; 
w10(2,1)=-7.8323271803e-001; w1(2,1)=1.3607574086e+000; w1(2,2)=-3.5230691605e-001; w1(2,3)=1.0803480480e+000; w1(2,4)=-9.1946162393e-001; 
w10(3,1)=-2.6677494625e-001; w1(3,1)=-7.9810530601e-001; w1(3,2)=-2.7044743549e+000; w1(3,3)=6.2197833991e-001; w1(3,4)=3.6750963187e-001; 
w10(4,1)=-6.5226247539e-001; w1(4,1)=1.2908874814e+000; w1(4,2)=-2.9879277678e-001; w1(4,3)=4.0157739680e-001; w1(4,4)=-4.1654154100e-001; 
w10(5,1)=-2.4332095076e-001; w1(5,1)=-1.0159632584e-001; w1(5,2)=-1.0570021986e-003; w1(5,3)=-1.2828268679e+000; w1(5,4)=5.8265769132e-001; 
w10(6,1)=6.3868092183e-002; w1(6,1)=-9.7324644042e-001; w1(6,2)=2.1888909342e-001; w1(6,3)=-3.2765593913e-001; w1(6,4)=7.2325531648e-001; 
w10(7,1)=-1.7457137311e+000; w1(7,1)=2.3085500653e-001; w1(7,2)=-1.6316202991e-001; w1(7,3)=-6.6381346567e-001; w1(7,4)=1.8494374842e-001; 
w20=-1.0488436258e+000; w2(1)=-3.2160451497e+000; w2(2)=-9.7666196595e-001; w2(3)=-1.6889282504e-002; w2(4)=1.1028455196e+000; w2(5)=3.0434657729e-001; w2(6)=1.9431064740e-001; w2(7)=-1.2936750829e+000; 

