
%liczba neuronów ukrytych: 7, liczba wejœæ sieci: 4
%wejœcie 1: u(k-4)
%wejœcie 2: u(k-5)
%wejœcie 3: y(k-1)
%wejœcie 4: y(k-2)
%uczenie w trybie OE
w10(1,1)=-4.7304419935e-002; w1(1,1)=-9.0931369669e-001; w1(1,2)=-1.3257596454e+000; w1(1,3)=-1.8564152254e-001; w1(1,4)=1.9500618042e-001; 
w10(2,1)=-1.4100277420e+000; w1(2,1)=2.0073332716e-001; w1(2,2)=-2.4265385689e-001; w1(2,3)=-9.3046173198e-001; w1(2,4)=5.6919514142e-001; 
w10(3,1)=-1.6146145678e-001; w1(3,1)=5.6545586925e-003; w1(3,2)=-3.4502373039e-002; w1(3,3)=-9.5223177646e-001; w1(3,4)=6.1002654962e-001; 
w10(4,1)=-9.5511189163e-001; w1(4,1)=1.0756935752e+000; w1(4,2)=-2.5608299345e-001; w1(4,3)=1.0242664854e+000; w1(4,4)=-7.9018614303e-001; 
w10(5,1)=-1.0448092609e+000; w1(5,1)=1.6635164548e+000; w1(5,2)=-3.7388993293e-001; w1(5,3)=9.1080912520e-002; w1(5,4)=-2.8237117766e-001; 
w10(6,1)=8.6335373608e-001; w1(6,1)=-3.0052938153e-002; w1(6,2)=-7.0260636780e-002; w1(6,3)=-7.5888075196e-001; w1(6,4)=1.8204626238e-001; 
w10(7,1)=-6.3619563887e-001; w1(7,1)=-9.5802996875e-002; w1(7,2)=2.0336944810e-001; w1(7,3)=3.2962377968e-001; w1(7,4)=-5.2957035669e-001; 
w20=-1.8052866720e+000; w2(1)=-6.5602542137e-002; w2(2)=-1.3810249834e+000; w2(3)=-1.6853826446e+000; w2(4)=-6.0595122827e-001; w2(5)=3.5154492973e-001; w2(6)=-7.7297403172e-001; w2(7)=-1.1926796804e+000; 

