
%liczba neuronów ukrytych: 7, liczba wejœæ sieci: 4
%wejœcie 1: u(k-4)
%wejœcie 2: u(k-5)
%wejœcie 3: y(k-1)
%wejœcie 4: y(k-2)
%uczenie w trybie OE
w10(1,1)=-6.1923621980e-001; w1(1,1)=5.2784472239e-001; w1(1,2)=9.2735342257e-001; w1(1,3)=9.5730409039e-001; w1(1,4)=-7.8244031904e-001; 
w10(2,1)=9.6974306628e-001; w1(2,1)=-7.1417633501e-001; w1(2,2)=-1.0183313904e+000; w1(2,3)=5.4636267403e-002; w1(2,4)=7.6976713838e-002; 
w10(3,1)=6.2035099608e-001; w1(3,1)=-5.8232082134e-002; w1(3,2)=6.8186270605e-002; w1(3,3)=-1.0275797495e+000; w1(3,4)=4.4273537441e-001; 
w10(4,1)=-1.9303279812e-001; w1(4,1)=6.4224806628e-001; w1(4,2)=1.5525680232e+000; w1(4,3)=8.7095717042e-001; w1(4,4)=-5.8290147993e-001; 
w10(5,1)=-1.3251842432e+000; w1(5,1)=-5.7194016741e-002; w1(5,2)=6.4897758354e-002; w1(5,3)=-5.2417885478e-001; w1(5,4)=2.0401608042e-001; 
w10(6,1)=-4.3195257430e-001; w1(6,1)=1.4141709244e-001; w1(6,2)=-1.4563367828e-001; w1(6,3)=-7.6866154217e-001; w1(6,4)=3.5956378381e-001; 
w10(7,1)=-2.1846996122e-001; w1(7,1)=6.1407859426e-001; w1(7,2)=1.4228641446e+000; w1(7,3)=8.4389211624e-001; w1(7,4)=-5.9214983902e-001; 
w20=-2.0695002637e+000; w2(1)=-8.3724258888e-001; w2(2)=-3.9827477881e-001; w2(3)=-1.0663300133e+000; w2(4)=-1.0730234309e+000; w2(5)=-2.4648366114e+000; w2(6)=-1.1693308463e+000; w2(7)=1.5131280441e+000; 

