
%liczba neuronów ukrytych: 7, liczba wejœæ sieci: 4
%wejœcie 1: u(k-4)
%wejœcie 2: u(k-5)
%wejœcie 3: y(k-1)
%wejœcie 4: y(k-2)
%uczenie w trybie OE
w10(1,1)=-4.8067314680e-001; w1(1,1)=-1.2191687023e+000; w1(1,2)=6.8715788157e-001; w1(1,3)=-1.1191890746e+000; w1(1,4)=8.8601260464e-001; 
w10(2,1)=-8.6583080082e-001; w1(2,1)=-1.5420134203e+000; w1(2,2)=8.5537958261e-001; w1(2,3)=4.8387542710e-002; w1(2,4)=1.8585118822e-001; 
w10(3,1)=-1.3117330225e+000; w1(3,1)=1.8676085537e-001; w1(3,2)=-1.6528827841e-001; w1(3,3)=-3.8024749071e-001; w1(3,4)=6.2109515311e-002; 
w10(4,1)=1.4090169081e+000; w1(4,1)=3.4171823387e+000; w1(4,2)=3.6554723715e+000; w1(4,3)=6.3513046801e-001; w1(4,4)=-2.5758661960e+000; 
w10(5,1)=-1.2311743512e+000; w1(5,1)=-3.1113482952e+000; w1(5,2)=-4.0311397043e+000; w1(5,3)=9.1051630181e-001; w1(5,4)=1.0569413582e+000; 
w10(6,1)=-3.4907852665e-001; w1(6,1)=9.9828543469e-002; w1(6,2)=2.5089412129e-002; w1(6,3)=-4.5138951447e-001; w1(6,4)=2.3198038349e-002; 
w10(7,1)=-6.0311114799e-001; w1(7,1)=-4.4698709711e-002; w1(7,2)=6.1055398627e-002; w1(7,3)=7.1843988745e-001; w1(7,4)=-2.4676149685e-001; 
w20=-1.5423552301e+000; w2(1)=-7.1134917608e-001; w2(2)=4.8734833421e-001; w2(3)=-2.2253000130e+000; w2(4)=-6.4684944858e-002; w2(5)=-7.3000079176e-002; w2(6)=-6.6117554987e-001; w2(7)=1.0849254193e+000; 

