
%liczba neuronów ukrytych: 2, liczba wejœæ sieci: 4
%wejœcie 1: u(k-4)
%wejœcie 2: u(k-5)
%wejœcie 3: y(k-1)
%wejœcie 4: y(k-2)
%uczenie w trybie OE
w10(1,1)=8.2397359722e-001; w1(1,1)=9.9587828994e-002; w1(1,2)=-5.2787674432e-002; w1(1,3)=4.9589555131e-001; w1(1,4)=-1.9484462805e-001; 
w10(2,1)=3.5139118007e-001; w1(2,1)=1.8883501732e-001; w1(2,2)=-1.5691310850e-001; w1(2,3)=-1.0855853234e+000; w1(2,4)=5.5789246234e-001; 
w20=-1.6512720621e+000; w2(1)=2.9769393606e+000; w2(2)=-1.0773006134e+000; 

