
%liczba neuronów ukrytych: 2, liczba wejœæ sieci: 4
%wejœcie 1: u(k-4)
%wejœcie 2: u(k-5)
%wejœcie 3: y(k-1)
%wejœcie 4: y(k-2)
%uczenie w trybie OE
w10(1,1)=-5.7839072861e-001; w1(1,1)=-2.3322050579e-002; w1(1,2)=1.1118930604e-002; w1(1,3)=-4.5228146876e-001; w1(1,4)=1.0082666756e-001; 
w10(2,1)=6.2230945477e-001; w1(2,1)=-3.5263534600e+000; w1(2,2)=-8.1754123037e+000; w1(2,3)=1.3112416589e+001; w1(2,4)=-1.0976093565e+001; 
w20=-1.5670528199e+000; w2(1)=-3.0464735821e+000; w2(2)=-1.3945210317e-001; 

