
%liczba neuronów ukrytych: 2, liczba wejœæ sieci: 4
%wejœcie 1: u(k-4)
%wejœcie 2: u(k-5)
%wejœcie 3: y(k-1)
%wejœcie 4: y(k-2)
%uczenie w trybie OE
w10(1,1)=6.9877021345e-001; w1(1,1)=-8.0364492785e+000; w1(1,2)=-1.7351893670e+001; w1(1,3)=7.4145254959e+000; w1(1,4)=-2.8870152816e+000; 
w10(2,1)=6.7141655493e-001; w1(2,1)=-2.6247254217e-002; w1(2,2)=6.9993144989e-002; w1(2,3)=3.2666930011e-001; w1(2,4)=6.8306129630e-002; 
w20=-1.5762672556e+000; w2(1)=-1.6786327208e-001; w2(2)=2.7065842471e+000; 

