
%liczba neuronów ukrytych: 2, liczba wejœæ sieci: 4
%wejœcie 1: u(k-4)
%wejœcie 2: u(k-5)
%wejœcie 3: y(k-1)
%wejœcie 4: y(k-2)
%uczenie w trybie OE
w10(1,1)=-1.6329604336e+000; w1(1,1)=-1.9726202275e+000; w1(1,2)=1.8896278826e+000; w1(1,3)=6.3285937564e+000; w1(1,4)=-7.2584593251e+000; 
w10(2,1)=-6.5325922102e-001; w1(2,1)=-2.6193896826e-001; w1(2,2)=6.0173597377e-002; w1(2,3)=2.4851668099e-001; w1(2,4)=-6.2697635443e-001; 
w20=-1.5363524618e+000; w2(1)=3.9001399096e-001; w2(2)=-3.3050399251e+000; 

