
%liczba neuronów ukrytych: 2, liczba wejœæ sieci: 4
%wejœcie 1: u(k-4)
%wejœcie 2: u(k-5)
%wejœcie 3: y(k-1)
%wejœcie 4: y(k-2)
%uczenie w trybie OE
w10(1,1)=-5.0309653831e-001; w1(1,1)=2.0124260997e-001; w1(1,2)=-4.4196054023e-001; w1(1,3)=3.2911658041e-001; w1(1,4)=-6.0970809820e-001; 
w10(2,1)=-4.0056873269e-001; w1(2,1)=2.0461314429e+000; w1(2,2)=-2.6382325227e+000; w1(2,3)=7.0598122560e+000; w1(2,4)=-6.6945687257e+000; 
w20=-1.3213371327e+000; w2(1)=-3.1189218363e+000; w2(2)=3.4488747320e-001; 

