
%liczba neuronów ukrytych: 3, liczba wejœæ sieci: 4
%wejœcie 1: u(k-4)
%wejœcie 2: u(k-5)
%wejœcie 3: y(k-1)
%wejœcie 4: y(k-2)
%uczenie w trybie OE
w10(1,1)=5.0026801238e+000; w1(1,1)=9.1145366798e+000; w1(1,2)=-7.4414933260e+000; w1(1,3)=-1.8399064171e+001; w1(1,4)=1.8389736656e+001; 
w10(2,1)=3.1015205669e-001; w1(2,1)=1.6510050827e+000; w1(2,2)=1.0102807402e+001; w1(2,3)=-1.4115262065e+000; w1(2,4)=-6.1450918076e-001; 
w10(3,1)=-4.6821263095e-001; w1(3,1)=-1.3451114750e-001; w1(3,2)=1.0176973296e-001; w1(3,3)=-1.6173934844e-002; w1(3,4)=-3.2139491120e-001; 
w20=-1.0774019614e+000; w2(1)=-3.1821381016e-001; w2(2)=1.4458449308e-001; w2(3)=-3.0746878057e+000; 

