
%liczba neuronów ukrytych: 3, liczba wejœæ sieci: 4
%wejœcie 1: u(k-4)
%wejœcie 2: u(k-5)
%wejœcie 3: y(k-1)
%wejœcie 4: y(k-2)
%uczenie w trybie OE
w10(1,1)=-1.5322630424e-001; w1(1,1)=1.8145632433e-001; w1(1,2)=-4.3257167448e-001; w1(1,3)=1.7754869983e-001; w1(1,4)=-2.1373534330e-001; 
w10(2,1)=2.6048017501e-001; w1(2,1)=1.3586699119e-001; w1(2,2)=3.3089509502e-001; w1(2,3)=1.0432445628e+000; w1(2,4)=-9.1754155548e-001; 
w10(3,1)=-3.5029933368e-001; w1(3,1)=1.0577925274e-001; w1(3,2)=-3.3804543809e-001; w1(3,3)=1.6519850835e-001; w1(3,4)=-9.7356504360e-002; 
w20=1.9820424631e+000; w2(1)=-6.4135786302e+000; w2(2)=1.2834480055e+000; w2(3)=9.7528115451e+000; 

