
%liczba neuronów ukrytych: 3, liczba wejœæ sieci: 4
%wejœcie 1: u(k-4)
%wejœcie 2: u(k-5)
%wejœcie 3: y(k-1)
%wejœcie 4: y(k-2)
%uczenie w trybie OE
w10(1,1)=-2.6702376227e-001; w1(1,1)=2.7466895899e-001; w1(1,2)=-7.3053219302e-001; w1(1,3)=-7.9831821915e-001; w1(1,4)=6.6280924138e-001; 
w10(2,1)=6.8262307912e-001; w1(2,1)=-3.8925532414e-001; w1(2,2)=8.9445538273e-001; w1(2,3)=2.9111340266e-001; w1(2,4)=-5.7033167727e-001; 
w10(3,1)=1.0953942898e+000; w1(3,1)=6.3260160891e-002; w1(3,2)=-3.3688913442e-001; w1(3,3)=-3.3447336373e-001; w1(3,4)=5.6943620932e-001; 
w20=-1.2373697075e+000; w2(1)=-2.7260009816e+000; w2(2)=-2.2325601442e+000; w2(3)=2.3180100885e+000; 

