
%liczba neuronów ukrytych: 3, liczba wejœæ sieci: 4
%wejœcie 1: u(k-4)
%wejœcie 2: u(k-5)
%wejœcie 3: y(k-1)
%wejœcie 4: y(k-2)
%uczenie w trybie OE
w10(1,1)=-3.8640346949e-001; w1(1,1)=1.0020775509e-001; w1(1,2)=-2.9495818160e-002; w1(1,3)=-6.7259675215e-002; w1(1,4)=-5.4623453006e-002; 
w10(2,1)=4.7821419386e-001; w1(2,1)=-3.2823763483e-001; w1(2,2)=1.5300890535e-001; w1(2,3)=1.9636934786e-002; w1(2,4)=1.7620213978e-001; 
w10(3,1)=-3.5929619081e-001; w1(3,1)=1.2964906213e+000; w1(3,2)=-2.0960981902e+000; w1(3,3)=-1.4057559669e+000; w1(3,4)=1.1787370237e+000; 
w20=-3.9861076008e+000; w2(1)=-1.9316837942e+001; w2(2)=-7.3396167438e+000; w2(3)=-4.0012694832e-001; 

