
%liczba neuronów ukrytych: 3, liczba wejœæ sieci: 4
%wejœcie 1: u(k-4)
%wejœcie 2: u(k-5)
%wejœcie 3: y(k-1)
%wejœcie 4: y(k-2)
%uczenie w trybie OE
w10(1,1)=-1.0207412282e+000; w1(1,1)=5.8270912529e-001; w1(1,2)=-1.2736584635e+000; w1(1,3)=-8.4447054673e-001; w1(1,4)=1.3632190975e+000; 
w10(2,1)=3.8213220544e-001; w1(2,1)=-4.7487162194e-001; w1(2,2)=1.1665606071e+000; w1(2,3)=1.2284417803e+000; w1(2,4)=-1.0153257035e+000; 
w10(3,1)=-8.9755183008e-001; w1(3,1)=-4.6718548688e-002; w1(3,2)=1.6762404083e-001; w1(3,3)=2.9044906329e-001; w1(3,4)=-5.3937310970e-001; 
w20=-1.2209359167e+000; w2(1)=1.4786146525e+000; w2(2)=1.5396448056e+000; w2(3)=-2.5151661667e+000; 

